8 8 8 25 16
6 7 8 18 51
4 4 6 14 75
2 3 6 10 86
2 2 5 10 83
2 2 5 9 81
2 3 5 10 74
4 6 8 17 66
37 43 45 128 55
41 45 47 134 35
41 47 49 140 15

9 9 9 23 15
5 6 7 19 62
3 4 6 13 109
2 3 6 11 115
1 2 6 10 115
1 2 6 10 116
1 3 6 10 109
2 4 7 13 101
37 41 45 125 85
40 44 47 136 54
41 47 49 139 26
42 47 49 141 4

8 9 9 26 17
6 6 8 20 55
4 5 7 16 87
2 3 6 12 118
2 3 6 11 119
1 2 6 10 118
1 2 6 10 118
1 3 6 11 114
2 3 7 11 106
3 5 8 66 102
38 43 46 128 91
40 45 48 137 51
42 47 49 141 25
43 49 50 144 3

8 8 8 25 20
6 6 8 18 49
3 4 6 14 107
2 3 6 10 121
1 2 6 10 115
1 2 6 10 111
2 3 6 10 105
2 4 7 12 100
37 42 45 127 90
40 45 48 134 61
41 47 49 141 22
43 48 50 144 7

8 8 8 24 8
7 7 8 21 20
5 6 8 20 66
4 6 9 19 228
2 5 12 20 255
2 4 11 16 255
2 3 7 12 255
3 3 5 10 250
10 11 13 112 188
37 42 45 125 142
38 43 46 130 66
40 44 46 133 33
40 46 47 135 18
41 46 47 137 12
42 47 48 139 10
42 47 48 141 6

11 13 13 38 10
7 8 8 20 23
4 5 6 15 52
3 4 5 10 78
2 3 5 9 89
1 2 5 9 93
2 2 5 10 93
2 3 5 9 87
2 3 6 13 82
4 5 7 17 80
3 5 7 16 81
5 7 9 20 69
19 21 22 131 42
40 46 48 137 27
42 48 49 141 11

9 10 9 28 7
7 7 8 22 16
6 6 7 18 25
9 9 10 30 41
3 4 5 10 50
2 3 5 9 63
2 3 5 10 70
2 2 5 10 74
2 2 5 9 82
2 3 6 10 84
10 11 13 34 89
2 4 7 12 98
2 4 8 14 112
3 5 8 18 117
6 8 11 25 102
41 46 49 137 61
41 47 49 142 32
43 48 50 143 7

8 8 8 25 25
6 7 8 20 81
4 5 7 17 128
3 4 7 14 163
2 3 7 12 150
1 3 6 10 126
1 3 6 9 116
1 3 6 9 106
2 3 6 11 98
2 4 6 11 88
10 11 15 122 81
38 42 46 127 70
40 45 48 134 50
41 46 49 138 32
42 48 50 142 8

9 9 9 26 7
7 7 8 22 21
6 6 8 19 34
4 5 8 17 80
3 5 9 16 181
2 5 11 17 238
2 5 12 19 255
3 5 12 19 255
41 46 49 138 157
42 47 48 141 11

9 10 10 29 7
7 8 8 24 21
6 7 8 19 50
4 5 7 17 71
3 4 6 14 96
3 3 6 12 104
2 3 5 10 104
1 2 5 9 100
1 2 5 9 96
1 2 5 9 93
1 2 6 9 91
2 3 6 10 88
2 3 6 10 86
27 30 35 98 83
37 41 45 125 79
39 44 47 131 64
41 45 48 136 50
41 47 49 139 28
42 48 49 142 11
43 48 50 143 6

9 9 9 27 13
7 7 8 19 34
4 5 6 15 52
4 5 7 14 76
2 3 5 10 87
2 3 6 9 93
2 3 6 10 98
2 3 6 10 101
2 3 6 11 99
6 8 11 24 100
2 4 8 14 110
3 5 9 16 122
5 7 10 21 119
22 25 27 134 82
42 47 49 139 49
42 48 50 143 13

8 9 8 25 7
7 7 8 22 17
6 7 8 20 25
5 6 7 18 38
4 5 7 16 57
3 5 7 16 69
3 5 7 15 81
3 4 7 14 88
2 4 6 13 85
2 4 6 12 77
2 4 6 12 66
2 4 6 11 59
2 4 6 11 56
2 4 6 11 58
2 4 6 12 62
2 4 6 12 66
3 4 6 13 69
3 5 7 14 72
3 5 7 16 72
4 6 8 17 70
4 6 8 19 62
5 7 9 20 55
6 8 9 23 44
7 9 10 24 36
9 11 11 30 24
19 22 22 110 19
41 45 47 136 13
41 46 48 139 8
42 47 49 141 6

9 10 9 27 6
8 8 9 25 9
7 8 8 22 14
6 7 8 21 24
5 6 7 19 38
5 6 7 18 51
4 5 7 17 83
4 5 8 17 114
3 5 9 17 175
3 5 9 17 217
2 5 10 17 246
2 5 11 18 255
2 5 11 18 251
3 6 11 19 204
4 6 10 20 158
5 7 10 22 102
6 8 10 23 73
30 34 36 101 44
40 44 47 135 31
41 46 48 136 18
41 46 48 139 10
42 47 49 140 8

9 10 10 26 6
7 7 8 23 29
5 6 8 18 83
4 5 7 16 124
2 3 6 13 147
2 3 6 11 136
1 2 5 10 114
1 2 5 9 100
1 2 5 9 95
2 3 5 10 90
2 3 6 10 86
7 8 11 117 79
36 41 44 122 72
39 43 46 129 63
40 44 47 133 50
41 46 49 138 27
42 47 49 141 15

8 8 8 25 9
7 7 8 21 22
5 6 8 20 45
4 6 9 19 167
3 5 10 19 247
2 5 10 17 255
2 4 9 14 255
3 5 8 15 179
28 32 36 124 126
38 43 45 127 78
40 44 46 132 27
40 45 47 134 17
41 46 48 137 13
41 47 48 139 9
42 47 49 140 4

8 8 8 25 19
4 5 7 17 78
3 4 7 12 117
1 3 7 11 131
1 3 8 12 138
2 4 8 13 141
4 6 10 127 141
41 46 50 141 79
43 49 50 145 6

7 7 7 21 33
5 6 9 20 177
3 5 9 18 255
1 3 8 12 255
1 3 7 10 255
2 4 6 11 236
3 4 5 14 75
37 42 44 124 42
39 43 45 132 31
40 46 48 136 23
42 47 49 141 10

8 9 9 26 15
5 6 7 18 55
3 4 7 14 79
2 3 6 11 94
1 3 6 10 96
2 3 7 11 100
2 4 8 61 104
39 43 47 130 85
41 46 49 140 29
43 48 50 144 8

5 5 5 15 10
4 5 5 15 10
4 4 5 13 15
3 3 5 12 23
2 3 5 11 66
2 3 6 12 100
3 5 8 15 105
5 7 10 129 69
41 46 49 138 41
42 48 50 143 11

6 6 6 19 60
3 4 7 14 131
1 3 8 12 166
1 3 8 12 179
2 3 8 13 176
3 6 10 17 165
39 44 48 134 117
43 48 50 145 12

9 9 9 27 7
6 7 7 20 20
5 5 7 16 45
3 4 7 14 99
2 4 8 15 174
3 6 11 19 204
42 48 51 143 65

8 8 8 25 18
6 6 8 20 45
3 4 6 14 92
2 3 6 10 105
1 3 6 10 108
1 3 6 11 105
2 3 7 11 101
3 4 8 20 102
38 43 47 129 88
41 47 50 139 44
42 48 50 143 14

8 9 9 23 15
5 6 7 18 34
3 3 5 12 57
2 3 5 9 59
2 3 5 10 56
8 9 12 123 52
39 44 46 130 36
41 46 48 138 13

10 11 10 27 16
6 6 7 20 51
3 4 6 13 111
2 3 6 11 121
1 3 6 10 119
2 3 7 11 118
3 4 7 13 116
37 42 45 130 89
41 46 49 138 52
42 48 50 144 9

8 9 9 25 6
7 7 8 23 13
6 7 8 20 42
5 6 8 19 84
4 6 10 19 210
5 7 13 25 255
40 46 50 139 167
42 47 49 142 27
43 48 49 143 4

8 8 8 25 12
7 7 8 22 18
6 6 7 20 31
5 6 7 17 46
4 5 6 15 55
3 4 6 13 66
3 3 5 12 71
2 3 5 10 75
2 2 5 9 76
1 2 5 9 75
1 2 5 9 73
2 3 5 9 73
2 3 5 10 71
2 4 6 10 71
33 37 40 113 68
37 42 44 124 66
39 43 46 129 57
40 44 47 134 44
40 46 48 136 33
41 46 48 139 17
42 47 49 141 10

9 9 9 27 11
7 8 8 22 24
5 6 7 19 49
4 5 7 16 75
3 4 6 14 88
3 3 6 11 95
2 3 5 10 95
1 2 5 9 91
1 2 5 9 87
1 2 5 9 84
1 2 5 9 81
2 3 5 10 78
2 3 6 12 75
34 39 43 117 72
38 42 45 126 65
39 43 46 129 56
40 44 47 134 42
40 45 47 134 29
40 45 47 135 15
41 46 48 140 6

9 9 9 25 15
6 7 8 21 31
4 5 6 16 63
3 4 6 13 82
2 3 5 10 90
1 2 5 9 86
1 2 5 9 84
2 3 5 10 83
2 4 6 11 80
37 41 45 124 73
39 44 46 130 60
41 46 48 137 33
42 47 49 142 17

5 6 6 16 6
5 5 6 16 8
5 5 6 15 8
11 12 13 37 10
37 41 41 121 11
31 36 36 54 10
6 7 7 19 11
6 7 7 20 10
7 8 8 22 9
24 27 28 81 8
40 44 45 131 8
41 45 46 134 5

10 10 10 26 14
5 6 8 19 141
3 4 7 13 241
1 3 7 10 237
1 3 7 11 241
1 3 8 11 244
1 3 7 11 255
2 3 7 11 247
22 24 28 77 255
42 46 48 138 108
43 48 50 144 18

8 9 9 26 9
7 8 9 23 40
6 7 9 21 106
4 6 9 19 179
4 6 8 16 144
4 5 7 16 66
5 6 7 19 36
33 35 37 108 28
39 42 44 127 20
40 44 45 130 15
40 45 47 134 11
41 46 47 137 8

9 10 10 26 8
6 7 8 22 30
5 5 7 16 64
3 4 6 13 86
2 3 6 10 100
1 2 6 10 101
2 3 6 12 104
1 3 6 10 103
2 3 6 10 100
2 4 7 14 100
37 41 45 125 93
39 44 47 134 68
41 46 49 139 41
43 48 50 143 9

8 9 9 24 46
6 7 9 21 135
4 6 8 16 191
6 7 10 24 124
4 5 6 14 61
5 6 7 16 45
7 9 10 24 30
38 42 44 130 23
40 45 46 133 12
41 46 47 137 8

10 10 10 27 9
7 7 8 22 20
4 5 6 15 45
3 4 5 12 64
2 2 5 10 83
1 2 5 9 88
1 2 5 9 95
1 2 5 9 97
2 3 6 10 100
2 4 7 12 107
4 6 8 63 98
40 44 47 134 68
41 46 49 141 23
42 47 49 142 8

10 11 11 31 9
42 47 48 140 10
43 48 49 144 7

10 10 10 26 12
6 7 8 21 32
4 4 6 15 69
3 3 5 11 85
2 2 5 10 85
1 2 5 16 82
1 2 5 9 80
2 3 5 9 78
3 4 6 11 76
32 36 40 125 66
39 43 46 130 54
23 28 27 74 32
9 10 11 29 19
9 10 11 29 10
9 11 11 43 10
41 46 47 137 12
42 47 49 141 14
43 48 49 144 11
43 49 50 145 6

9 10 9 26 8
7 7 8 22 17
5 5 6 17 35
4 4 5 14 47
3 3 5 11 60
2 3 4 10 64
2 2 4 9 68
2 2 5 9 68
2 3 5 10 68
3 5 7 14 65
37 41 44 124 59
40 44 47 132 43
42 46 48 139 29
42 47 49 141 12

10 10 10 27 10
7 7 8 22 23
4 5 6 15 52
3 4 5 11 68
2 3 5 10 83
1 2 5 9 87
1 2 5 9 91
1 2 5 9 90
2 3 6 10 92
3 5 7 14 90
37 42 45 125 82
40 44 47 133 56
39 43 45 35 34
9 11 11 30 13
9 10 11 29 9
10 11 11 31 9
41 47 48 139 11
42 48 49 142 9
43 49 50 144 6

8 8 8 25 33
6 7 8 19 100
3 5 7 15 161
3 4 6 12 87
35 39 40 116 59
5 6 6 15 39
6 7 8 19 29
16 17 18 50 19
41 45 46 135 13

8 8 8 24 8
7 7 7 19 18
10 11 12 34 24
3 4 4 11 36
3 3 4 10 45
2 3 4 10 51
2 3 4 10 55
2 3 5 11 56
2 3 5 13 57
9 12 15 37 59
3 5 7 15 58
5 6 8 18 53
11 13 13 36 41
40 45 47 136 31
41 47 49 139 17
42 48 49 143 7

10 10 10 30 9
7 8 8 20 27
5 5 6 15 45
19 23 26 69 69
2 3 5 11 82
2 3 6 9 92
1 3 6 10 103
1 3 6 11 109
2 3 7 11 115
12 14 17 41 123
2 4 8 14 153
3 5 9 20 168
13 15 17 46 126
41 46 49 141 37
43 49 50 144 8

9 9 9 27 13
7 8 9 23 39
4 5 7 17 119
3 4 7 14 173
2 3 7 12 205
1 3 7 11 203
1 3 7 11 203
1 3 8 11 195
1 3 8 11 188
1 3 8 12 175
2 4 8 13 169
10 12 16 38 165
38 43 48 134 111
41 47 50 139 59
42 48 50 144 11

9 10 9 26 6
7 7 7 21 14
6 6 6 39 29
4 4 5 13 39
3 3 4 10 54
2 3 5 10 61
2 3 5 10 63
2 4 6 62 65
3 5 7 14 63
4 6 8 19 56
39 44 46 131 41
41 46 48 140 16

9 9 9 28 10
7 7 8 23 26
4 5 7 16 63
3 4 6 12 88
2 3 6 10 99
1 2 6 9 99
1 2 6 10 101
1 3 6 10 95
2 3 6 11 90
6 7 10 22 83
37 42 45 126 73
41 45 48 135 47
41 47 49 140 30
42 48 50 142 9

8 8 8 24 16
6 6 7 16 39
13 13 15 42 53
3 3 5 12 67
2 3 5 10 68
2 3 5 11 73
2 3 5 9 76
2 3 6 12 80
17 18 20 98 78
3 5 7 14 82
4 5 8 17 88
10 11 13 130 78
40 46 48 138 42
42 48 49 143 11

8 9 9 23 8
6 6 7 20 20
5 5 6 15 35
3 4 5 12 42
2 3 4 11 48
2 3 4 10 50
2 2 4 9 50
2 3 4 9 50
3 4 5 11 49
22 24 26 122 46
38 43 45 126 40
40 45 47 133 30
41 46 48 136 20
42 47 49 140 10

7 7 7 22 16
6 6 7 17 28
4 4 6 14 52
3 3 5 10 68
2 2 5 9 72
1 2 5 8 74
1 2 5 8 75
2 3 5 9 72
2 4 6 12 71
36 41 43 122 63
38 43 46 131 49
41 45 48 135 34
41 46 48 139 14
41 46 48 138 7

9 9 9 25 11
6 7 7 21 21
5 5 6 15 45
3 4 5 12 57
2 3 5 9 70
2 2 5 9 72
2 2 5 9 72
2 3 5 10 73
2 4 6 11 71
30 34 37 124 64
39 44 47 131 52
41 46 49 138 26
42 47 49 141 13

8 8 8 22 21
6 6 8 20 44
4 5 7 16 92
3 4 6 14 104
2 3 6 11 97
1 3 6 10 92
1 3 5 10 87
2 3 5 10 76
2 3 5 11 66
3 4 6 12 53
3 4 6 14 48
4 6 7 16 44
6 8 9 86 38
39 44 46 131 33
42 46 48 137 24
42 47 49 139 16
42 48 49 142 7

9 9 9 22 49
4 5 8 16 158
2 3 8 12 255
1 2 7 10 255
1 2 6 10 255
1 3 7 11 255
3 5 8 16 255
16 18 19 137 183
43 48 50 143 15

9 10 9 25 29
8 9 9 26 56
42 47 49 141 47
43 49 50 145 17

10 11 10 29 7
8 8 9 26 17
6 7 8 21 44
5 6 7 19 66
4 5 7 16 101
3 4 7 14 117
2 3 6 12 128
2 3 6 11 130
1 3 6 11 129
1 2 6 10 127
1 3 6 10 128
1 3 7 11 126
1 3 7 10 122
2 3 7 11 117
2 4 8 12 117
3 5 9 15 118
34 38 44 127 118
38 43 48 131 109
40 45 49 137 79
41 47 50 140 57
42 48 51 143 25
43 48 51 145 8