47 51 51 152 6
46 50 51 150 15
45 49 50 147 22
43 47 49 144 44
41 45 47 135 63
3 4 6 11 75
2 3 6 11 93
2 4 7 12 103
4 5 8 17 104
5 7 9 21 68
9 11 11 31 13

45 49 49 148 17
44 48 50 145 32
41 45 47 138 56
5 7 9 10 70
2 4 6 11 74
3 5 7 14 71
5 7 8 19 56
8 10 10 27 18

47 51 51 152 6
46 51 51 151 11
46 50 51 150 20
44 48 50 147 38
43 47 49 143 53
39 43 46 134 81
2 4 6 10 92
1 3 6 10 112
1 3 7 10 130
1 3 7 11 143
2 4 8 14 172
4 5 8 18 147
8 10 10 27 43

46 50 50 149 7
45 49 50 149 17
44 48 50 145 32
41 45 47 140 48
28 32 34 99 70
2 3 6 10 90
1 2 6 10 133
2 3 7 15 195
5 7 9 21 149
9 11 11 84 4

47 51 51 152 7
46 50 51 150 12
45 49 50 148 19
43 48 49 145 36
42 46 48 137 51
23 24 28 80 70
2 3 6 10 89
1 3 6 10 102
2 3 7 11 130
3 4 7 15 144
6 7 9 22 79
9 10 11 34 21

47 51 51 152 6
46 50 51 151 11
45 49 50 148 17
43 48 49 144 31
41 46 47 136 42
8 9 11 30 53
2 3 5 9 62
2 3 5 11 68
2 4 6 14 67
5 6 8 19 51
8 10 10 28 14

46 50 50 149 8
45 49 50 148 17
44 48 49 145 26
42 46 47 140 33
39 43 45 133 46
3 4 5 11 51
1 2 4 8 59
1 2 5 9 64
2 3 5 11 65
3 4 6 17 51
6 7 8 21 33
9 11 11 31 7

46 50 50 151 6
46 50 51 150 12
45 49 50 148 23
43 47 49 145 32
41 45 47 136 48
21 23 26 74 61
1 2 5 8 73
1 2 6 9 86
2 4 7 14 100
5 6 8 23 72
9 11 11 31 12

46 50 50 149 16
45 49 50 147 29
42 47 49 142 54
39 44 46 42 74
2 3 6 10 82
2 3 6 11 92
3 4 7 14 90
6 8 9 22 53
9 10 11 34 17

46 50 50 149 9
45 49 50 150 14
45 49 50 148 35
44 48 50 147 66
42 47 49 145 64
7 9 9 26 18
9 11 11 30 6

47 51 51 153 10
46 51 52 153 20
45 50 52 151 43
44 49 51 148 69
41 46 50 141 123
4 6 10 14 167
2 4 9 13 239
1 3 9 13 255
1 4 9 14 239
2 4 9 16 191
4 6 8 19 119
8 10 10 28 21

47 51 51 151 13
46 50 51 149 30
44 48 50 147 46
42 46 49 139 77
19 22 26 71 95
1 3 7 9 122
1 3 7 11 141
1 3 7 10 160
1 3 8 13 175
3 5 8 17 154
5 7 9 25 51
10 12 12 33 8

47 51 51 153 12
46 50 53 154 76
44 49 52 151 142
27 31 36 103 166
4 6 9 20 113
5 7 9 21 48
6 8 9 24 20
8 9 10 26 9

45 50 50 150 4

47 51 51 152 7
46 50 51 150 20
45 49 50 148 29
43 47 49 143 48
40 44 47 134 61
4 5 6 15 73
2 3 5 9 82
1 2 5 9 86
1 3 6 10 94
2 3 6 11 99
3 5 7 16 85
5 7 8 23 56
9 10 11 29 15

46 50 50 150 28
45 49 52 150 66
39 44 48 138 159
2 4 8 13 220
1 3 8 13 255
1 4 8 14 226
3 5 8 17 160
7 9 10 26 28

46 50 50 148 9
45 49 50 148 10
45 49 50 147 17
44 48 49 146 20
43 47 48 143 28
42 45 47 137 33
40 43 45 133 46
27 30 33 10 61
1 2 5 9 71
1 2 6 10 91
2 3 6 13 122
4 5 8 17 105
6 8 9 27 31

47 51 51 152 10
46 50 52 151 24
44 49 51 149 41
42 47 50 141 77
4 6 9 16 104
2 5 8 13 139
2 4 8 13 147
2 4 8 13 130
2 5 8 15 106
4 6 8 17 75
5 7 8 20 45
7 8 9 24 22
9 11 11 30 3

47 51 51 151 14
46 50 52 151 27
44 48 51 147 56
42 46 49 142 80
3 5 8 13 111
2 3 7 11 132
1 3 7 12 154
2 3 7 13 141
3 4 7 15 112
4 6 8 20 55
7 9 9 25 22
29 32 31 93 4

47 51 51 152 8
46 50 51 151 19
44 49 51 148 47
42 47 49 144 73
4 5 8 18 107
2 3 7 11 126
1 3 7 10 170
1 3 8 11 222
1 3 8 12 255
2 4 9 19 250
8 10 11 29 58

7 9 9 25 5
13 16 16 45 6
43 48 48 146 8
44 48 49 147 9
44 49 50 148 9
45 49 50 149 8
45 50 50 150 7
46 50 51 151 5

46 51 51 152 6

47 51 51 152 7
46 50 51 151 12
45 50 51 149 19
45 49 50 148 28
43 47 49 145 41
41 46 48 139 57
34 37 40 117 68
2 4 6 11 81
2 3 6 11 87
2 4 6 13 88
3 4 7 15 78
4 6 7 18 62
5 7 8 23 32
8 10 10 27 14
36 37 37 113 4

46 51 51 151 10
46 50 51 150 21
44 49 50 148 33
43 47 49 141 60
4 6 8 16 85
3 5 8 13 130
2 4 8 13 161
2 4 9 13 195
1 4 9 14 186
2 5 9 15 161
3 5 9 19 144
5 7 9 22 104
7 9 10 25 19

46 51 51 151 8
46 50 51 148 17
44 48 49 146 24
41 46 47 139 40
39 43 45 132 50
2 3 5 10 63
2 3 6 12 75
4 6 7 17 67
6 8 9 25 25
10 12 12 33 6

46 50 50 150 12
45 50 51 149 29
43 48 50 146 48
41 46 48 137 76
3 4 7 12 96
2 4 7 12 117
2 4 7 13 118
3 4 7 15 107
4 5 8 20 65
7 9 9 24 30
10 11 11 67 3

46 50 50 148 9
44 48 49 146 19
42 46 48 138 32
40 43 45 134 55
3 5 6 14 99
5 7 8 20 87
8 10 10 32 10

46 50 50 150 9
46 50 51 150 13
45 49 50 148 24
44 48 49 143 31
41 45 47 138 43
40 44 45 118 56
2 3 5 9 60
1 2 5 8 66
1 2 5 9 69
2 3 6 10 72
3 4 6 14 69
4 6 8 18 49
6 8 9 25 25
9 11 11 34 10

47 51 51 151 6
46 50 51 151 7
46 50 51 151 10
46 50 50 150 18
45 49 50 150 22
45 49 50 149 24
44 49 50 149 25
8 10 10 28 17
8 9 10 28 8

47 51 51 151 14
46 50 51 149 34
43 48 50 147 56
41 46 49 137 100
3 4 7 13 135
2 3 8 12 169
2 4 8 13 185
4 5 8 17 147
6 8 9 27 25

46 50 50 151 9
45 50 51 149 18
44 49 50 146 27
42 46 48 142 46
40 44 46 134 63
2 4 6 10 73
1 2 5 9 87
1 2 6 9 98
1 3 6 11 113
2 3 7 12 124
4 5 8 17 102
6 8 9 26 61
10 12 12 34 6

47 52 51 154 7
46 50 52 153 38
44 49 51 146 82
24 28 32 90 160
2 4 8 13 232
2 3 8 12 249
2 4 8 14 193
3 5 8 18 138
6 8 9 22 47
8 10 10 32 5

46 50 50 150 9
46 50 50 148 17
44 48 50 147 26
43 47 49 142 39
40 44 46 137 51
4 5 7 14 63
2 2 5 9 72
1 2 5 9 88
1 2 5 10 101
2 3 6 11 125
3 4 7 16 124
5 7 9 21 82
9 11 11 31 16

46 50 50 149 8
45 49 50 148 12
45 49 50 147 20
44 48 49 145 25
42 45 47 139 33
40 43 45 135 41
3 4 6 11 52
2 2 4 8 57
1 2 5 8 65
1 2 5 10 77
2 3 6 12 87
3 4 7 16 86
5 7 9 21 66
9 10 11 29 19

46 50 50 149 14
45 49 50 149 20
44 48 49 145 31
42 46 48 141 41
40 43 46 134 54
14 16 20 9 59
1 2 5 8 64
1 2 5 8 71
1 2 5 9 77
2 3 6 10 81
3 4 6 13 79
4 6 8 18 61
6 8 9 24 44
9 10 11 30 15

46 50 50 149 26
45 49 51 150 50
41 46 49 142 94
16 18 22 13 112
2 4 7 12 114
2 4 7 13 103
3 4 7 14 82
4 5 7 17 49
5 7 8 20 31
8 9 10 27 9

42 45 46 140 6
41 45 46 138 7
32 35 36 108 8
7 8 7 19 10
5 6 6 15 9
4 6 5 14 11
4 5 5 14 11
4 5 5 14 13
4 5 5 15 14
4 6 6 16 11
5 6 6 18 11
6 7 8 21 10
7 9 9 26 5

45 50 50 149 8
44 49 50 148 9
43 47 48 144 14
41 46 46 32 12
6 7 7 20 12
6 8 8 21 9

46 50 50 150 8
45 50 51 150 9
45 49 50 148 12
44 48 49 146 14
43 47 48 144 18
42 46 47 141 21
41 45 47 138 25
40 44 45 135 24
6 8 7 13 25
3 5 5 13 23
5 7 7 21 21
4 5 6 14 17
4 5 6 17 14
5 6 7 19 9
14 16 16 45 4

45 49 49 148 9
45 49 50 147 13
44 48 49 145 17
43 47 48 141 24
41 45 46 137 29
41 43 45 132 34
5 6 6 17 39
2 3 4 9 44
2 3 4 9 48
2 3 5 10 51
3 4 6 14 49
4 5 7 17 43
6 7 8 23 27
8 10 10 27 14

47 51 51 152 10
47 50 52 153 18
46 50 52 152 71
44 48 51 149 130
6 8 9 23 100
6 8 9 25 35
8 10 10 28 8

46 50 50 150 15
46 50 51 149 30
44 48 50 148 42
42 46 49 142 65
40 44 47 136 79
2 4 6 11 91
2 3 6 10 97
1 2 6 10 107
1 2 6 9 114
1 3 6 11 117
1 3 7 12 120
2 4 7 14 126
4 5 8 18 107
5 7 9 24 74
9 10 11 29 21

47 51 51 152 8
46 50 52 151 21
44 49 51 149 52
43 47 50 141 83
40 43 46 134 101
2 3 6 10 109
1 3 6 10 114
1 2 6 9 127
1 2 7 10 128
1 3 7 11 138
2 4 8 15 148
4 6 9 19 118
7 9 10 27 38
11 13 13 35 8

46 50 50 149 14
45 50 51 149 22
44 48 50 146 43
42 46 49 139 67
40 43 46 134 81
2 3 6 10 99
1 3 6 10 109
1 2 7 10 130
1 2 7 11 144
1 3 8 11 172
1 4 8 15 203
4 5 8 18 172
7 9 10 27 56
10 12 12 34 10

45 49 49 147 18
44 48 49 143 33
40 44 46 135 49
3 4 5 9 61
1 3 5 9 67
3 4 6 13 69
5 6 8 21 35
9 10 11 29 10

47 51 51 150 7
45 49 50 149 20
44 48 49 143 45
40 43 46 135 63
2 3 6 10 90
1 2 6 9 119
1 3 7 11 207
3 5 8 21 236
12 14 14 39 8

46 49 49 148 8
45 49 50 147 15
44 48 49 146 25
43 47 49 146 89
42 46 49 144 123
8 10 10 27 14

46 51 50 151 25
43 48 51 148 111
13 16 21 15 253
2 3 8 13 255
1 3 8 13 255
2 4 9 15 255
5 7 9 20 150
8 10 10 28 24

45 49 49 148 7
44 48 49 146 14
43 47 48 142 24
42 45 47 140 36
41 44 47 139 70
6 8 9 22 68
8 10 11 29 17

47 51 51 153 8
46 50 52 152 33
44 49 52 147 81
40 44 48 139 108
2 3 7 11 131
1 3 7 11 142
1 3 7 10 179
1 3 8 11 212
1 3 8 11 239
1 3 8 13 255
4 5 9 18 255
7 9 10 31 45

47 51 51 152 12
46 50 52 151 28
44 49 51 147 69
40 45 48 139 102
2 3 7 11 145
1 3 7 11 169
1 3 7 10 229
1 3 8 11 255
1 2 7 10 255
2 4 7 17 255
8 10 11 28 103

47 51 51 152 22
45 49 52 149 62
36 39 44 124 127
2 3 7 11 144
2 3 7 12 195
2 4 8 17 226
6 8 10 23 152
20 22 22 159 1

47 51 51 153 15
46 50 52 150 52
42 46 50 144 153
3 5 8 13 178
2 3 7 12 206
1 2 5 9 255
1 1 3 6 255
1 2 4 9 255
5 7 8 28 225