43 48 49 140 10
41 47 48 139 20
40 45 47 133 36
38 42 45 124 50
4 5 7 14 69
2 3 5 10 81
2 3 5 10 87
2 3 6 12 93
3 4 6 14 86
5 6 7 19 49
8 8 9 29 16

42 47 48 140 12
40 46 48 136 34
40 44 46 127 50
34 38 41 115 77
2 4 6 10 90
2 3 5 9 97
2 2 5 10 107
2 3 6 11 113
3 4 6 14 96
5 6 7 20 39
9 9 10 27 8

43 48 49 141 15
41 47 49 136 60
38 42 46 128 87
2 4 6 11 106
2 3 6 10 106
2 3 5 10 104
2 3 6 11 98
3 4 6 13 84
4 5 6 18 46
7 8 8 23 20

43 48 49 140 18
41 46 48 137 36
39 43 46 129 62
35 40 42 119 80
2 3 6 10 93
2 3 6 10 102
1 2 6 10 111
1 2 6 11 117
2 3 6 12 117
3 4 6 16 70
6 7 8 21 33
10 10 11 30 6

43 48 49 141 18
41 47 49 136 52
39 43 46 129 78
3 4 7 13 107
2 3 6 11 111
1 3 6 10 118
2 3 6 11 121
2 3 6 12 122
4 5 7 15 87
6 6 7 20 44
10 10 11 30 5

43 48 49 142 8
42 47 49 139 34
40 45 47 133 57
34 37 41 114 91
2 4 6 11 101
2 3 6 9 111
1 2 6 10 118
2 3 6 10 124
2 3 6 12 124
4 5 7 15 93
7 7 8 23 25
10 10 11 30 6

42 47 48 140 14
41 47 48 136 36
39 43 46 129 54
5 6 7 18 74
2 3 6 9 81
1 2 5 9 88
2 2 5 11 90
2 3 5 12 91
3 4 6 14 73
5 5 7 17 48
6 7 8 24 14

43 48 48 140 19
41 46 48 134 54
36 40 44 122 114
2 4 7 10 135
2 3 6 11 142
2 3 6 11 154
3 4 6 13 129
5 6 7 18 72
8 9 9 31 5

43 48 49 141 10
42 47 49 139 28
40 45 48 135 42
38 42 45 126 63
11 13 15 39 71
2 3 6 10 79
2 3 5 9 82
2 2 5 9 88
2 3 5 10 94
3 3 6 12 93
4 5 6 15 70
5 6 7 19 43
8 9 9 27 10

38 42 42 123 9
25 28 28 122 23
39 43 45 128 33
5 6 8 20 52
2 3 5 10 60
2 3 5 10 72
3 3 5 13 73
5 5 7 17 39
7 8 8 28 6

42 48 48 138 24
39 44 46 131 85
4 5 7 12 120
2 3 6 11 108
3 4 6 12 86
3 4 6 14 65
5 5 7 17 49
6 6 7 22 22
8 9 9 27 10

41 46 47 135 15
40 44 46 131 49
39 42 45 128 93
7 8 9 24 38

43 48 49 140 13
41 47 49 138 41
38 43 46 128 81
17 19 22 10 90
2 3 6 10 92
1 2 5 9 91
1 2 5 10 89
2 3 6 12 84
3 4 6 14 72
5 6 7 19 44
7 7 8 23 22
10 11 11 31 5

42 47 48 139 9
41 46 48 135 15
40 44 46 131 28
38 42 45 124 48
32 36 38 109 66
3 4 6 13 101
4 5 7 18 78
7 8 9 24 27

42 47 48 138 14
41 46 48 135 28
40 44 47 131 41
38 42 45 123 54
15 17 19 53 61
2 3 5 9 69
2 2 5 9 75
1 2 5 9 85
1 2 5 10 94
2 3 6 10 111
2 3 6 13 125
3 4 7 15 119
5 6 8 18 81
6 7 8 21 49
8 9 10 27 14

43 48 49 141 17
42 47 49 138 53
40 44 47 132 86
4 6 9 18 136
2 3 7 10 157
1 3 7 11 193
1 3 7 11 229
1 3 8 12 235
2 4 8 15 218
5 6 8 20 107
25 28 28 79 2

42 47 48 138 16
41 46 48 136 32
39 43 45 127 57
36 40 43 17 68
2 3 5 9 79
1 2 5 9 89
1 2 5 10 96
2 3 6 12 102
3 4 7 15 89
6 7 8 21 38
9 9 10 32 11

43 48 49 141 8
40 46 48 136 34
39 43 46 124 55
3 4 6 11 77
2 3 5 9 91
1 2 5 9 100
2 3 6 13 111
4 5 7 15 86
7 8 9 24 23

42 47 48 138 24
40 45 48 134 47
37 41 44 123 79
3 4 6 10 94
1 2 5 9 104
1 2 5 9 117
2 3 6 11 127
4 5 7 16 93
6 7 8 20 45
10 11 11 32 5

43 48 49 140 12
41 47 49 136 34
38 43 46 127 80
4 5 8 10 107
1 3 6 10 116
1 3 6 10 131
2 3 7 12 144
4 5 7 16 111
6 7 8 26 43
29 33 33 92 1

42 47 48 138 43
40 45 49 131 133
3 6 10 18 190
2 4 10 15 231
1 4 10 14 230
2 4 9 15 209
3 5 8 17 96
7 8 9 24 22

42 47 48 139 8
41 46 47 136 16
40 44 46 132 24
8 10 10 29 32
4 5 6 13 38
3 4 5 11 42
2 3 5 11 46
2 3 5 11 50
2 3 5 11 53
2 3 5 11 57
2 3 5 11 65
3 4 6 12 72
3 4 6 13 88
3 4 6 15 101
3 5 7 16 114
4 5 8 18 117
5 6 8 20 107
6 7 9 22 74
7 8 9 24 48
8 10 10 28 17
10 11 11 33 7

41 46 47 136 9
40 45 47 133 16
30 32 34 99 20
6 8 9 22 36
5 7 8 20 58
4 6 7 16 255
5 6 7 18 253
5 6 6 18 7

41 46 47 136 8
40 46 47 134 17
40 44 46 132 23
7 9 11 26 43
5 7 9 20 63
4 6 8 17 110
4 5 7 16 163
5 6 7 17 188
5 6 6 18 5
6 6 6 19 6

42 48 49 141 8
42 47 49 140 24
40 46 48 136 41
36 40 43 121 91
5 7 8 16 142
4 5 7 16 255
4 5 6 15 21
5 5 6 16 9
5 5 6 17 7

5 6 6 18 6

42 47 48 138 6
41 46 48 136 11
40 45 46 133 18
39 44 46 122 35
5 7 9 20 55
4 6 8 17 114
3 4 5 10 194
3 4 5 12 255
5 6 7 18 4

42 48 48 139 10
42 47 48 138 11
40 46 47 134 19
39 45 46 132 23
39 43 45 127 28
38 42 44 122 32
36 41 42 120 34
15 17 19 13 34
2 3 4 9 34
2 3 4 9 36
2 3 4 9 39
2 3 4 10 41
2 3 4 10 42
2 3 5 11 43
3 3 5 12 44
3 4 5 13 45
3 4 6 14 45
4 5 6 16 41
5 6 7 19 37
6 7 8 21 30
7 7 8 23 19
7 8 9 26 10
9 10 10 28 6

42 48 48 140 10
42 47 49 139 24
41 46 48 137 34
40 45 47 132 51
38 43 46 128 66
36 41 44 121 82
3 5 7 12 87
2 3 6 10 94
2 3 6 10 99
1 2 6 10 107
1 2 6 10 114
1 2 6 10 118
2 3 6 11 126
2 3 7 12 125
3 4 7 15 108
4 5 7 18 83
6 7 8 21 40
8 8 9 28 13

43 48 49 142 7
42 48 49 141 13
42 47 49 140 17
41 46 48 137 26
40 45 47 134 34
40 45 47 132 39
39 43 46 128 48
38 43 45 124 52
37 41 44 122 58
32 36 38 33 64
2 4 6 10 65
2 3 5 9 68
2 3 5 9 70
2 2 5 9 73
2 2 5 9 76
2 2 5 10 79
2 2 5 10 84
2 3 5 10 87
2 3 6 12 89
3 4 6 13 89
4 4 6 14 81
4 5 7 16 71
5 6 7 19 49
6 7 8 23 34
8 9 9 26 15
10 10 11 33 3

42 47 47 138 17
41 45 47 134 31
39 43 46 129 40
37 42 43 122 54
3 5 6 10 64
2 3 5 9 70
2 3 5 10 80
2 3 5 11 89
3 3 6 12 97
4 4 6 15 84
6 7 8 21 37
8 9 9 31 13

43 48 49 140 14
41 47 49 140 34
39 44 48 132 75
25 29 32 18 110
2 4 9 14 171
2 4 8 12 208
1 3 8 12 208
2 3 8 13 164
3 4 7 15 122
5 6 7 19 46
7 8 8 26 9

43 48 49 142 12
42 48 49 142 23
41 47 49 137 48
40 44 47 133 70
5 7 9 20 108
4 6 9 19 131
4 6 9 19 134
4 6 8 18 105
4 6 8 18 62
5 6 8 19 39
6 7 8 21 23
7 8 8 23 12
8 9 9 26 6

43 48 49 141 16
4 5 6 15 61
6 7 7 21 9

40 45 46 134 11
10 11 12 33 29
6 7 8 19 108
5 6 8 18 255
8 8 10 25 21

44 49 50 144 9
40 45 47 135 255
3 4 7 14 255
3 4 6 13 112
4 5 6 16 46
6 6 7 20 15
7 8 8 26 4

42 47 48 138 11
41 46 48 137 17
40 45 47 133 29
39 43 45 128 37
36 40 42 118 54
3 5 6 13 61
3 4 6 12 77
3 4 6 13 85
4 4 6 14 87
5 5 7 18 58
7 7 8 22 31
10 11 11 31 5

43 48 49 142 16
42 47 49 138 37
39 42 44 129 51
6 7 8 20 63
5 6 8 19 66
5 6 7 18 62
5 5 7 17 58
5 6 7 18 50
5 6 7 19 43
6 7 8 20 34
6 7 8 23 21
8 9 9 26 13
10 11 11 31 5

43 48 49 141 8
41 47 49 139 29
41 45 47 134 50
37 41 44 123 82
3 4 7 10 97
2 3 6 10 112
1 3 6 11 125
2 3 7 11 129
3 4 7 14 113
4 5 7 17 74
8 9 9 26 14

44 49 50 143 20
42 47 50 141 80
39 43 47 130 222
3 5 9 16 250
2 3 7 11 255
1 3 8 11 255
1 3 8 11 255
1 3 8 11 255
1 3 8 11 255
1 3 8 11 255
2 3 8 13 255
5 6 9 19 198
8 9 10 31 47

43 49 49 142 11
41 47 49 140 74
39 44 48 128 151
3 5 8 14 171
2 3 7 11 183
1 3 7 11 193
1 3 8 11 223
1 3 8 12 243
1 3 8 11 255
1 3 8 12 255
2 4 8 15 255
4 5 8 20 193
8 9 10 27 48

43 48 49 141 26
41 46 49 132 114
3 5 8 14 252
2 2 6 11 255
1 3 8 11 255
1 3 8 11 255
2 4 8 14 248
4 5 8 18 168
8 9 10 38 27

43 48 49 142 6
42 48 49 142 12
42 48 49 140 18
41 47 49 139 30
41 46 48 134 48
39 43 46 130 64
37 42 45 91 80
3 5 8 15 94
2 4 7 13 115
2 4 7 13 135
2 4 7 13 146
2 4 7 13 155
2 4 7 13 150
2 4 7 13 133
2 4 7 14 120
3 4 7 15 96
4 5 7 17 59
5 6 7 18 36
6 7 8 21 13
7 8 8 23 7

43 49 49 143 9
43 48 50 141 44
41 46 48 136 90
38 42 45 126 168
3 5 8 15 208
2 3 7 11 235
1 3 7 10 222
1 3 7 10 190
1 3 7 11 177
1 2 7 10 172
1 2 7 11 161
1 3 7 11 162
2 3 7 12 165
2 4 7 14 161
3 5 8 16 144
5 6 8 19 111
6 7 9 21 83
7 8 9 25 48
8 9 10 29 20
10 11 12 32 7

43 48 49 140 12
41 47 49 139 27
40 45 47 133 61
39 43 45 128 92
23 25 28 79 145
2 4 7 11 185
2 3 6 10 244
1 2 6 11 255
1 3 7 11 255
1 2 6 9 255
1 2 6 10 255
4 5 8 17 255
6 7 10 27 147
17 20 20 52 3

43 49 50 143 9
43 48 49 142 42
41 47 49 140 88
39 43 46 129 177
5 6 9 17 227
2 4 8 13 250
2 3 7 11 248
1 3 7 11 245
1 2 7 10 245
1 3 7 10 246
1 3 7 11 255
1 2 7 11 255
1 2 7 10 248
1 2 7 11 244
1 3 8 11 245
2 4 8 13 242
3 4 8 15 230
4 6 8 18 188
5 6 8 23 136
8 9 10 27 61
10 11 11 34 13

43 49 49 143 7
42 48 50 142 33
41 46 49 136 91
39 43 47 130 127
13 14 18 15 163
2 4 7 12 192
2 3 7 11 239
1 2 6 10 255
1 2 5 9 255
1 2 5 7 255
1 1 2 4 255
1 1 2 7 255
2 3 7 12 255
6 7 9 22 196
9 10 11 30 31

43 48 49 143 15
41 47 50 141 102
39 44 49 48 255
2 5 11 19 255
2 4 11 16 255
1 4 11 16 255
1 4 13 18 255
1 4 12 16 255
2 4 10 16 255
3 5 9 18 242
5 6 9 20 134
8 8 10 29 14
41 46 47 134 8
43 48 49 142 9
42 47 48 140 10
41 46 47 138 10
27 28 28 32 9
9 11 10 30 8

43 48 48 140 14
42 47 49 139 30
40 46 48 136 61
40 44 47 130 91
37 41 45 125 107
3 4 8 13 120
2 3 7 11 126
1 3 7 11 131
1 3 7 11 140
1 3 7 10 153
1 3 7 11 166
1 3 7 12 178
1 3 8 12 226
1 3 8 13 253
2 4 9 16 255
3 5 9 18 241
5 6 9 21 181
7 8 10 27 84
10 11 12 32 11

42 47 48 138 21
41 45 47 131 51
37 42 44 122 70
2 3 5 10 86
1 2 5 9 97
2 3 6 10 109
2 3 6 14 107
5 6 7 18 57
7 8 9 28 8

43 48 49 141 10
41 47 49 140 16
40 45 47 135 33
37 41 43 33 47
6 7 8 21 63
5 7 7 19 43
5 6 7 18 21
5 6 6 17 10
5 6 6 18 8
5 6 6 18 8
6 6 7 19 6
6 6 7 20 7
6 7 7 20 5

43 48 49 142 11
43 48 50 143 20
41 47 49 139 50
40 45 48 134 76
4 7 10 20 132
3 5 9 15 183
2 4 7 13 250
2 3 7 12 248
3 4 6 13 194
4 4 6 14 42
4 4 5 14 18
4 5 5 15 16
4 5 6 16 13
5 5 6 17 12
5 6 6 18 10
6 6 7 19 7
6 7 7 21 6
7 7 8 22 4

44 49 49 144 9
42 48 50 142 47
41 46 49 135 96
38 42 46 128 151
3 5 9 13 174
2 3 8 12 197
1 3 8 12 216
1 3 8 12 224
1 3 8 12 213
1 3 8 13 202
2 3 8 13 224
3 4 8 17 186
6 7 9 22 59
10 12 12 33 4