11 13 11 36 8
9 10 11 26 62
5 6 8 20 136
3 4 8 15 224
1 3 6 11 214
1 2 5 8 159
1 2 5 8 135
1 2 5 9 118
1 2 5 9 105
1 3 6 10 96
2 3 6 24 83
25 28 29 80 74
4 5 7 15 61
4 6 8 16 53
5 7 8 16 42
6 7 8 24 36
42 46 48 141 30
43 47 49 145 21
45 49 50 148 18
45 50 51 150 15
46 51 51 152 12
47 51 52 154 8
47 52 52 154 6
48 52 52 155 4

10 11 11 29 6
7 9 9 25 28
5 6 7 18 53
3 5 6 15 65
3 4 5 11 65
2 3 5 10 62
1 2 4 8 58
2 2 4 8 52
8 9 11 30 48
18 20 21 11 45
3 5 6 12 40
4 5 6 13 32
5 7 7 16 29
32 35 37 139 23
43 47 48 142 20
44 48 49 146 17
45 49 50 148 13
46 50 51 151 9
47 51 51 153 8
47 52 52 154 6

9 10 10 29 15
7 8 9 24 33
5 6 7 18 64
3 5 6 14 73
2 3 5 11 71
2 2 5 9 65
1 2 4 8 58
1 2 4 8 53
2 2 4 8 51
27 29 29 85 44
3 4 5 10 39
4 5 6 12 34
4 5 6 14 31
19 21 23 65 26
42 46 47 141 22
43 47 48 144 20
45 49 50 148 16
46 50 50 150 12
46 51 51 152 10
47 51 52 154 8

9 10 10 29 13
7 8 9 21 45
4 5 7 17 65
3 4 6 12 75
2 3 5 10 73
1 2 4 8 61
1 2 4 8 56
5 6 8 20 52
3 4 5 10 47
4 5 6 12 41
4 6 7 14 36
8 9 10 126 32
43 47 48 142 26
44 48 49 147 21
45 50 50 150 16
46 51 51 152 9
47 52 52 154 9
48 52 52 156 6

10 12 11 32 6
7 9 9 24 25
5 7 8 18 42
3 4 6 14 60
2 3 5 10 61
2 3 5 10 55
2 3 5 11 47
40 43 44 131 45
41 45 47 138 37
42 46 48 141 32
44 48 49 144 22
44 48 49 147 17
45 50 50 149 13
46 50 51 152 5

8 9 9 25 10
6 7 8 21 19
5 6 6 17 26
3 4 5 13 35
3 4 5 10 35
10 12 13 37 34
40 44 45 135 30
41 45 46 137 26
19 20 20 60 22
30 32 33 101 17
44 49 49 146 13
45 50 50 149 11
47 51 51 152 5

11 12 12 31 8
7 9 10 25 44
5 6 8 18 99
3 4 7 14 113
1 3 6 10 96
1 2 6 10 87
1 2 5 9 77
2 3 5 10 70
40 42 45 132 63
41 45 47 141 49
43 47 49 145 40
44 49 50 148 26
46 50 51 150 15
47 51 52 154 5

9 11 10 29 8
6 8 8 22 28
4 6 7 16 45
3 4 6 12 59
2 3 5 10 58
2 2 5 9 53
9 10 13 33 50
40 43 45 136 43
42 46 48 141 37
44 48 49 145 27
45 49 50 148 19
46 50 51 151 8
47 51 52 154 7

8 9 9 25 28
5 6 8 18 59
3 4 6 13 97
2 3 6 10 90
1 2 5 9 90
2 3 5 10 83
3 4 6 13 76
41 45 48 139 62
43 48 50 146 49
45 50 51 150 25
46 50 52 152 13

9 11 11 30 23
7 9 10 25 76
3 5 8 17 194
2 3 8 11 204
1 2 7 11 175
1 2 6 10 160
1 2 6 10 141
2 3 7 12 127
3 4 7 12 115
40 44 48 139 101
42 47 50 147 85
43 47 50 144 53
17 18 18 34 24
16 17 17 53 15
46 51 51 152 12
47 51 52 154 12
47 52 52 156 12
48 53 53 158 10
48 53 53 159 6

8 9 9 24 19
5 7 7 20 29
3 4 6 14 47
2 3 5 11 52
2 2 4 9 51
2 2 4 9 51
3 4 5 12 49
40 42 45 133 43
18 19 20 56 38
6 7 8 19 30
7 8 9 21 26
42 46 47 138 19
45 49 49 148 15
46 50 51 150 10
47 51 51 153 6

7 9 9 24 14
6 8 8 20 21
4 5 6 16 35
3 4 6 12 45
2 3 5 10 45
2 3 4 10 43
3 4 5 12 40
40 43 45 134 38
41 45 47 138 30
43 47 48 143 27
44 48 49 146 18
45 49 50 148 16
46 50 51 150 9

9 10 10 28 10
7 8 9 22 27
5 6 7 18 37
3 4 6 13 48
2 3 5 11 54
2 2 4 9 50
2 2 4 9 50
3 4 5 11 46
40 43 44 134 43
41 45 47 138 39
42 46 47 140 30
39 40 41 125 26
42 46 47 141 19
45 49 50 149 14
46 50 50 150 11
46 51 51 153 5
47 52 52 154 6

8 10 9 24 16
6 7 8 20 28
3 4 6 14 44
2 3 5 10 48
2 3 4 9 48
2 3 4 11 46
40 43 45 133 44
41 45 47 141 33
43 48 49 144 27
45 49 50 148 16
46 50 51 150 12
47 51 52 153 6

10 12 11 32 7
7 9 9 25 23
5 7 8 17 45
3 4 6 14 56
2 3 5 10 55
2 2 4 9 54
2 3 4 9 49
12 14 17 131 49
40 44 46 136 41
41 45 47 137 30
12 13 13 37 25
11 12 12 91 18
45 49 50 148 12
46 50 51 151 9
47 51 52 153 6

8 10 9 27 15
5 7 8 20 39
4 5 7 15 58
2 3 6 11 73
1 2 5 9 69
1 2 5 8 68
2 3 5 10 65
6 8 10 24 61
41 45 47 138 53
42 47 49 144 43
41 44 46 135 32
10 12 11 30 19
21 22 23 70 15
46 50 51 150 9
46 51 51 154 9
47 52 52 155 8

48 53 52 157 5

7 8 8 24 29
5 6 7 19 52
3 4 6 12 71
2 3 5 9 68
2 2 4 8 61
2 3 5 12 55
40 43 45 133 50
6 7 8 18 38
6 7 8 19 31
33 37 38 114 24
44 49 49 149 20
46 51 51 152 13
47 52 52 155 8
48 53 53 157 6

11 12 12 30 6
7 8 9 24 36
4 5 7 15 71
2 3 6 12 78
1 2 5 9 70
2 2 5 9 65
6 7 9 22 58
40 44 46 138 44
37 40 41 122 36
8 10 10 27 23
43 47 48 142 17
46 50 51 150 10
47 51 52 153 10
48 52 52 155 5

8 10 10 27 15
5 6 7 18 47
3 4 6 12 60
2 2 5 10 61
1 2 4 8 56
3 4 6 12 52
41 43 46 137 41
15 16 16 46 33
8 10 10 25 21
45 49 50 147 15
46 51 51 152 9
47 52 52 156 7

9 10 10 26 12
27 30 32 94 29
45 49 50 150 29
46 50 51 150 20
46 50 51 151 6

7 8 8 23 14
5 6 7 15 27
3 4 5 12 42
2 3 5 10 43
28 31 33 95 41
43 47 48 143 31
44 48 50 147 24
45 50 50 149 11
46 51 51 152 6

9 10 10 27 9
6 7 8 21 20
5 6 7 16 36
3 4 5 13 45
2 3 5 10 51
2 2 4 9 53
2 3 4 9 52
2 3 5 12 52
40 43 45 132 48
40 44 46 122 41
6 7 8 19 36
6 8 8 19 28
6 8 8 19 27
43 47 47 139 23
44 48 49 148 20
46 50 51 150 15
46 51 51 153 14
47 52 52 155 11
48 52 53 157 7

9 10 10 29 15
7 8 9 21 36
4 5 7 16 64
2 4 6 11 68
1 2 5 9 61
2 3 5 9 53
9 11 13 34 49
41 45 47 137 39
43 47 48 144 32
44 48 49 146 21
45 50 50 149 12
46 51 51 151 8

11 12 12 34 8
7 8 9 24 31
5 6 7 19 49
3 4 6 12 60
2 3 5 10 54
2 3 5 10 49
40 43 45 135 40
42 46 48 142 32
44 48 49 147 18
46 50 50 149 13
47 51 51 153 4

9 11 10 29 14
7 8 9 21 49
3 5 7 15 72
2 3 6 10 76
1 2 5 9 69
2 3 5 9 62
13 15 18 48 56
41 45 47 139 44
43 48 49 147 33
45 49 51 149 18
46 50 51 152 7

9 10 10 24 19
5 6 7 18 63
3 4 6 12 75
2 3 5 10 68
2 3 5 9 61
3 4 5 13 52
40 44 46 136 43
43 47 48 142 32
43 47 48 142 26
8 10 10 25 16
8 10 10 27 13
44 49 49 146 10
45 50 50 149 8
46 51 51 152 8
47 51 52 154 8
47 52 52 155 7
48 53 53 157 4

46 50 50 151 6
9 11 11 29 21
7 9 10 24 33
6 8 8 21 45
5 7 8 18 52
5 7 8 17 53
5 8 8 19 48
7 9 10 23 46
27 29 30 92 41
40 44 45 139 38
42 46 48 141 33
42 47 49 143 30
42 46 48 142 28
23 27 26 20 26
5 7 8 17 26
5 7 7 16 30
5 7 7 16 33
9 11 12 31 37
42 47 48 142 37
43 48 49 145 34
45 49 51 149 28
46 50 51 151 24
47 51 52 153 15
47 52 52 155 9

9 11 10 26 9
6 7 8 21 31
4 5 6 13 46
2 3 5 11 48
2 3 5 10 44
40 43 45 134 40
43 48 49 144 27
45 49 50 149 16
47 51 51 152 7

9 11 10 30 6
8 9 9 24 15
6 7 8 21 24
4 5 7 17 50
3 5 7 15 74
2 4 7 14 120
2 4 8 14 169
2 4 9 15 191
41 47 52 146 155
45 50 54 154 87
48 52 54 158 12

7 9 8 24 15
6 8 9 22 35
4 6 9 19 100
4 6 9 28 237
44 49 53 152 166
48 52 53 157 9

8 9 9 24 15
6 7 8 21 28
4 6 7 16 42
3 4 6 13 49
2 3 5 10 54
2 3 5 9 55
2 3 5 9 53
2 3 5 15 54
40 44 46 134 49
42 46 48 142 44
44 48 50 146 35
45 50 51 150 22
46 51 51 151 13
47 51 52 154 6

10 11 11 29 18
7 9 9 25 41
5 6 7 18 73
4 5 7 16 84
3 4 6 12 66
13 15 18 131 52
40 43 46 134 42
40 44 46 135 33
35 37 38 111 29
23 24 25 83 22
43 46 46 139 19
45 49 50 148 12
45 49 50 149 8
46 51 51 151 7

11 13 11 32 13
8 10 11 28 38
6 7 9 22 95
4 6 9 19 137
3 5 9 17 177
2 4 9 15 190
2 4 9 15 190
2 4 9 15 186
2 4 10 15 176
3 5 10 19 148
41 45 50 142 123
43 48 52 149 84
45 50 53 152 59
46 51 53 154 31
47 52 53 157 15
48 53 53 158 7

10 11 11 30 8
9 11 11 29 10
8 10 10 26 16
7 9 10 25 23
6 8 9 23 38
6 8 9 21 55
5 7 9 21 87
4 7 9 20 131
4 7 10 20 169
3 6 11 20 244
3 6 11 20 255
2 5 11 18 255
2 5 10 16 255
3 4 8 14 255
3 5 9 113 255
45 50 54 153 207
47 52 54 159 30
49 53 54 159 8

35 37 35 110 9
9 11 12 32 30
7 9 10 24 101
4 7 9 19 165
3 5 8 16 169
2 3 7 11 150
2 3 7 11 150
2 4 7 12 155
8 10 14 135 150
42 47 50 143 120
44 48 50 149 61
46 50 51 151 40
47 51 52 154 18
48 52 52 157 9

9 10 10 28 11
8 9 10 25 21
7 8 9 24 46
6 8 9 22 72
5 7 10 22 90
5 7 10 21 127
4 7 10 20 154
4 6 10 19 177
4 6 9 18 201
4 5 7 15 248
4 5 7 14 255
5 7 7 16 215
43 47 48 144 131
45 49 51 151 84
47 52 53 155 33
48 52 54 158 10

10 12 12 33 7
8 10 10 26 36
6 8 9 23 64
30 34 36 107 63
42 47 48 143 47
44 49 49 147 30
46 50 50 151 16
47 51 52 153 11

10 11 11 31 7
8 9 10 24 26
5 6 8 20 45
3 5 7 16 82
2 4 7 13 98
1 3 7 10 109
1 3 7 10 114
1 3 7 11 113
2 3 8 12 108
4 6 10 19 104
42 46 50 144 90
44 49 52 149 73
46 51 53 153 37
47 51 53 156 19
47 52 53 156 3

47 51 51 154 6
47 52 52 156 8
47 52 52 157 6
48 52 53 158 7

11 13 12 32 11
8 10 10 27 34
6 8 9 21 99
4 5 8 18 147
2 5 9 17 226
2 4 10 16 255
1 4 10 15 255
1 4 10 16 255
2 4 11 17 255
2 4 11 16 255
3 5 10 18 255
44 49 54 152 174
46 51 55 157 87
48 53 55 160 12

10 11 11 28 16
6 8 9 23 77
4 5 8 16 148
2 3 8 12 145
1 3 7 11 124
1 3 7 11 106
2 3 7 11 95
3 5 8 111 83
41 45 48 140 72
44 49 51 148 50
45 50 52 151 36
47 51 52 153 15
47 51 52 154 6

9 10 10 29 16
7 8 9 21 53
4 5 7 17 81
2 4 7 12 92
1 2 6 10 87
1 2 6 9 82
2 3 6 10 77
4 5 7 14 74
40 44 47 139 68
43 48 50 145 53
44 49 51 150 33
46 50 51 150 19
46 50 51 151 9

47 52 52 156 6

8 10 9 27 10
6 7 8 21 26
4 5 6 16 37
3 4 5 12 48
2 3 5 10 48
2 2 4 9 47
2 3 4 27 45
39 43 45 133 41
41 45 47 138 32
37 39 40 122 28
43 47 48 143 19
45 49 50 149 14
46 50 51 150 9
47 51 52 154 7

8 9 9 24 13
6 7 8 20 31
4 5 6 15 50
3 4 5 12 55
2 3 5 10 55
2 2 4 9 53
2 3 4 9 50
6 7 9 21 48
40 43 45 134 43
38 41 43 58 35
7 8 9 21 31
7 9 9 26 25
43 47 48 144 21
45 49 50 148 13
46 50 51 150 11
47 51 51 153 6

9 10 10 28 11
7 9 9 22 25
5 6 7 18 35
3 4 6 14 49
2 3 5 11 53
2 2 4 9 50
2 2 4 8 49
3 3 5 10 47
39 41 44 128 42
5 6 7 15 39
5 7 7 17 33
6 8 8 19 28
43 47 48 143 24
44 48 49 147 19
46 50 51 151 13
47 51 52 154 11
48 52 52 156 7

9 10 10 29 9
7 8 9 23 26
5 6 7 17 38
3 4 6 14 54
3 3 5 10 56
2 3 5 10 55
2 2 4 8 51
2 3 4 8 49
39 42 44 129 47
39 42 44 66 43
5 7 8 17 37
6 7 8 19 29
9 10 11 27 26
43 47 48 145 19
45 49 50 148 16
46 51 51 152 12
47 52 52 154 10
48 52 53 156 8
48 53 53 158 4

9 11 10 27 24
6 7 8 22 86
4 5 8 16 147
2 3 7 13 149
1 2 6 10 123
1 2 6 10 116
1 2 6 10 105
2 3 6 10 98
5 7 10 22 92
41 45 49 141 78
41 45 47 138 59
9 11 12 29 30
24 25 26 150 18
46 51 51 152 14
47 52 52 156 11
48 52 53 157 8

9 10 10 28 6
7 8 8 23 15
5 7 7 20 21
4 5 6 15 30
3 4 5 18 36
2 3 4 10 39
2 3 4 9 40
3 3 4 10 40
38 41 43 131 37
35 37 37 111 36
6 7 8 17 31
6 8 8 20 26
36 39 41 121 21
44 48 49 146 15
45 49 50 149 13
46 50 51 152 8
47 51 52 154 8
48 52 52 156 5

9 10 10 28 8
6 8 8 22 20
5 6 7 18 28
4 4 6 14 42
3 4 5 11 46
2 3 5 9 49
2 3 4 9 45
2 3 4 9 45
40 42 44 131 40
37 40 41 121 38
6 7 8 17 31
6 8 8 20 27
10 12 12 32 21
43 48 48 145 16
45 49 50 148 13
46 50 50 151 10
47 51 52 153 8
48 52 52 155 5

9 11 11 30 13
6 8 9 23 40
5 6 7 18 56
3 4 6 14 68
2 3 5 10 69
1 2 4 9 62
1 2 4 8 57
2 3 4 8 52
16 17 20 130 47
24 26 26 77 44
5 6 7 16 35
6 7 8 18 32
21 24 25 72 26
43 48 48 146 20
45 50 50 150 16
46 51 51 153 12
47 52 52 155 9

9 11 10 30 11
6 8 8 22 31
5 6 7 18 46
3 4 6 13 60
2 3 5 10 59
2 2 4 9 53
2 2 4 8 49
7 8 10 26 47
34 36 37 108 39
5 6 7 15 35
6 7 8 18 29
7 8 8 60 26
43 47 48 143 20
44 48 49 147 16
46 50 50 149 13
46 51 51 153 9
47 52 52 154 8