50 54 53 146 11
44 48 46 128 12
46 50 49 136 12
49 52 51 114 12
7 8 8 23 12
7 8 7 22 10
7 8 8 23 11
8 9 9 26 9
55 58 57 167 8

7 7 7 20 7
6 7 7 20 8
6 7 7 21 10
8 9 8 24 13
20 23 22 86 15
42 46 45 123 17
45 49 48 121 20
21 25 24 62 24
4 5 5 14 31
3 4 5 10 39
2 3 5 10 56
2 3 5 11 69
3 4 6 11 79
4 6 8 19 55
21 23 24 64 30
11 13 13 35 8

58 61 59 168 8
56 59 58 163 10
11 11 11 30 15
8 8 8 26 18
7 7 8 21 24
14 14 15 44 29
45 48 49 131 38
3 3 5 10 43
2 2 4 9 54
1 2 5 8 55
1 3 5 9 62
2 3 5 10 61
2 4 6 11 59
3 5 6 12 46
4 5 7 14 36
5 6 7 17 22
6 7 8 21 17
7 9 9 22 13
8 9 9 23 13
8 9 9 23 11
8 9 8 23 10
7 8 8 22 11
8 9 9 24 14
7 8 7 21 14
7 8 8 22 17
30 33 32 164 15
58 61 60 169 10
59 63 61 174 6

59 62 60 170 6
58 62 60 169 9
57 61 59 167 9
57 60 59 165 9
56 59 58 163 11
55 58 57 159 13
54 58 56 156 15
53 56 55 153 16
24 28 27 21 18
4 5 5 14 19
4 5 5 13 18
4 5 5 12 19
4 5 5 13 20
4 5 6 15 20
5 6 6 16 19
6 7 7 17 15
6 7 7 18 16
6 7 7 19 15
6 7 7 20 17
6 7 7 20 15
6 7 7 19 18
6 7 7 19 19
6 7 7 18 20
6 7 6 18 22
6 7 7 19 25
7 8 8 86 23
55 58 57 159 21
56 59 58 164 16
57 60 59 166 14
58 61 60 168 13
58 61 60 169 10
58 61 60 169 9
58 61 60 168 9
58 61 59 167 10
57 60 59 165 8
56 59 58 163 9
28 31 30 83 11
11 12 11 34 8
8 9 9 26 10
8 9 8 24 12
8 8 8 24 12
9 10 10 66 11
49 52 51 146 9
52 55 54 154 9
53 57 55 154 7

7 8 7 20 6
6 7 6 18 8
5 6 6 15 9
5 5 5 14 11
4 5 5 14 16
5 6 6 17 15
26 30 29 77 19
46 50 49 132 20
46 50 49 132 23
18 22 21 20 27
3 4 5 12 36
2 3 4 10 48
2 3 5 9 57
2 3 5 10 74
2 4 6 10 78
4 6 7 15 69
5 7 8 18 51
7 8 9 22 24
9 10 10 29 10
10 12 11 31 6

8 9 8 21 6
6 7 7 19 8
6 7 6 15 11
4 5 5 14 13
4 4 5 11 13
3 4 4 11 15
4 5 5 12 16
10 10 11 13 17
4 5 5 14 17
5 5 5 16 16
5 6 6 17 17
5 6 6 18 18
5 6 6 17 20
44 45 46 128 21
49 52 52 142 26
3 4 4 10 28
3 4 4 11 29
4 5 5 12 24
6 7 7 19 11

9 10 9 64 4

58 61 60 169 7
57 60 59 165 11
47 51 50 137 13

7 8 7 22 17
57 60 59 170 7

58 60 59 167 8
19 21 20 58 47
5 6 8 19 41
7 8 8 21 12

60 63 62 175 5
60 63 62 175 6
60 63 62 174 8
59 63 61 173 9
59 62 61 172 14
58 62 61 170 17
57 61 60 169 22
56 60 59 165 31
55 58 58 123 38
7 8 9 24 53
5 7 9 20 66
4 6 9 19 82
4 6 9 17 107
4 6 9 17 102
4 6 8 16 58
5 6 7 17 32
7 8 8 21 9

7 8 7 21 8
7 8 7 19 7
6 7 6 17 9
7 8 7 19 8
31 33 33 92 9
8 10 9 24 11
53 56 55 150 9
53 56 55 151 9
36 40 39 52 10
9 10 9 27 8
9 9 9 27 7
11 11 11 32 8
15 15 16 45 155
3 4 6 13 121
3 5 7 14 70
3 5 7 14 50
4 6 7 15 36
4 5 6 13 30
4 5 6 13 27
4 5 6 14 25
5 6 6 15 21
5 7 6 17 17
6 7 7 19 16
7 8 7 21 11
8 9 8 25 10
9 10 9 26 9
19 19 19 87 7
44 46 46 131 8

55 58 56 159 5

60 64 62 175 4
60 63 62 175 7
60 63 62 174 8
59 63 61 173 11
59 62 61 171 14
58 61 60 169 16
57 60 60 167 19
56 60 59 165 20
56 59 59 164 18
56 59 58 164 18
56 60 59 165 16
56 60 59 165 13
57 60 59 165 12
57 61 59 166 10
57 61 59 167 10
58 61 60 168 8
58 62 60 170 7

59 63 61 174 6

59 62 60 168 6
56 60 58 164 10
8 8 8 24 13
9 10 10 18 15
45 47 47 131 14
9 9 9 164 9

6 7 6 18 8
12 14 13 35 11
50 54 53 149 12
51 54 53 148 14
51 54 53 145 16
47 48 48 137 16
45 46 46 129 16
41 41 42 121 19
45 46 47 133 20
51 54 53 148 22
46 50 50 136 24
7 8 8 17 25
4 5 6 15 29
4 5 5 13 31
3 4 5 11 28
4 5 6 13 21
6 7 7 19 14

56 59 57 162 8
13 15 15 42 10
9 10 9 28 15
7 8 8 22 18
6 7 8 20 31
6 7 7 19 39
5 7 8 19 41
5 7 8 19 36
6 7 8 20 32
6 8 8 21 28
7 8 8 22 24
7 9 8 23 20
8 9 9 24 15
8 9 9 24 14
8 9 9 25 12
8 9 9 25 10
8 10 9 26 10
9 10 9 27 8
9 10 9 28 6

60 63 61 174 6
59 62 61 172 10
58 61 60 168 14
57 59 59 163 16
45 49 48 132 23
7 8 9 22 90
5 7 8 20 77
5 7 8 20 37
6 7 8 20 28
7 8 8 22 17
7 8 8 24 15
8 9 9 27 10
15 17 16 158 6
58 61 60 168 5

59 62 60 170 6
58 62 60 170 8
58 62 60 169 7
58 62 60 168 9
58 61 60 167 8
57 61 59 166 10
57 60 59 166 10
57 60 59 165 12
56 60 59 164 13
56 59 58 163 16
55 59 58 162 19
55 59 58 160 20
54 58 57 157 26
46 51 51 137 30
9 11 11 30 39
7 8 9 23 48
5 6 8 19 62
4 6 8 19 82
4 5 9 18 94
3 5 9 16 118
2 4 9 14 136
1 4 10 14 166
1 4 10 15 183
2 4 11 16 203
2 4 11 16 207
2 4 10 16 192
2 4 10 15 162
2 4 9 14 140
2 4 8 13 108
2 4 7 12 88
2 4 6 11 62
3 4 6 12 50
3 4 5 12 36
5 6 7 20 24
35 40 39 102 20
49 52 52 139 15
32 32 33 94 12
9 10 9 29 8
8 9 9 27 7
9 10 9 28 7

56 60 58 162 6
10 11 10 31 9
17 18 18 156 15
56 59 58 163 29
56 59 59 162 82
55 59 60 162 174
55 59 61 166 255
56 61 63 169 238
57 61 63 169 110
57 61 62 168 53
57 61 62 168 33
57 61 61 167 31
57 61 61 167 32
57 60 60 166 32
57 60 60 165 27
57 60 59 165 17
57 60 59 165 13
55 59 57 161 11
45 47 47 90 6
12 13 12 36 6

6 7 6 18 6
5 6 6 16 11
4 5 5 12 17
3 4 5 10 23
2 4 5 10 35
2 3 5 10 55
2 3 6 10 66
1 3 6 10 76
2 3 6 10 72
1 3 5 9 66
1 2 4 7 49
2 2 4 7 36
3 4 4 11 22
5 6 6 16 17
8 9 9 26 9
11 13 12 41 6

56 60 58 160 6
29 32 30 85 6
6 7 7 21 11
5 6 6 17 16
4 5 5 13 29
3 5 6 13 41
4 5 8 16 83
4 6 10 22 188
6 8 13 27 252
29 25 31 98 255
8 10 13 31 255
6 7 12 24 216
4 6 10 18 138
3 5 8 15 66
3 5 6 13 32
4 5 5 13 22
5 6 6 17 12
14 16 15 41 9
8 9 8 25 5

55 58 56 157 6
53 56 55 153 9
36 40 39 57 12
6 7 7 19 15
4 4 5 12 22
3 4 5 10 26
2 3 4 9 34
2 3 4 9 43
2 3 5 10 54
2 3 5 9 112
1 2 4 8 233
2 3 3 11 179
5 5 4 13 77
5 6 6 18 37
6 7 7 20 24
7 8 8 23 15
12 14 13 101 10
55 59 57 160 8
56 60 58 164 5

6 7 6 19 26
57 60 59 169 20
60 63 61 174 3

6 7 6 18 9
5 6 6 15 11
4 5 5 14 16
4 5 5 12 24
3 4 5 11 28
3 4 5 10 38
2 4 5 10 40
2 3 5 10 40
2 4 5 11 37
3 4 5 10 34
3 4 5 10 28
3 4 5 9 24
3 4 5 11 19
5 6 6 21 15
6 7 6 19 11
7 8 8 24 7
8 9 9 26 6

55 59 57 160 6
19 22 20 57 7
7 8 8 23 12
5 6 6 18 17
12 15 15 14 29
3 4 5 11 42
2 4 6 11 81
2 4 8 13 131
2 4 10 15 248
1 4 10 14 255
1 3 9 14 255
1 3 9 14 255
1 4 10 15 255
2 4 9 15 157
2 4 8 13 102
3 4 6 12 50
3 4 5 13 32
5 5 6 15 17
6 7 6 20 10
8 9 8 24 7

4 4 3 10 7
4 4 3 11 8
4 3 3 10 10
4 3 3 10 13
3 3 3 10 17
3 3 3 10 26
3 3 4 10 35
3 3 4 10 59
3 3 5 11 87
3 3 5 10 146
2 3 5 11 192
2 3 6 10 247
2 3 6 10 255
2 3 6 10 250
2 3 6 10 217
2 3 6 12 176
3 3 5 10 118
3 3 5 10 74
3 3 4 10 53
3 3 4 10 32
3 3 4 9 27
4 3 4 10 18
4 4 3 10 16
4 4 3 10 12
4 4 3 11 10
4 4 4 12 8
5 4 4 13 5

24 27 23 58 6

7 8 8 24 4
7 7 8 23 7
6 7 8 22 6
6 7 8 22 6

5 5 5 17 5
5 5 5 16 6
5 5 4 16 5

5 5 4 14 8
5 4 4 14 6
4 4 4 13 8
4 4 4 13 8
4 4 4 13 10
4 4 4 12 13
4 4 4 12 16
4 4 4 11 19
4 4 4 11 22
3 3 4 11 28
3 3 4 10 34
3 3 4 10 39
3 3 4 10 44
3 3 4 10 51
3 3 4 10 54
3 3 4 11 61
3 3 5 11 67
3 3 5 11 69
3 3 5 10 70
3 3 5 10 68
3 3 5 10 67
3 3 4 10 68
3 3 4 10 71
3 3 4 10 78
3 3 5 11 82
3 3 5 11 78
4 4 5 12 66
4 4 5 12 47
4 3 4 11 36
4 3 4 10 32
3 3 4 11 29
3 3 4 10 26
3 3 3 10 24
3 3 3 10 23
3 3 3 10 21
3 3 3 10 22
3 3 3 9 20
3 3 3 11 19
3 3 3 10 18
3 3 3 10 17
3 3 3 11 17
4 3 4 11 14
4 3 4 12 13
4 4 4 13 11
4 4 4 14 11
5 4 4 15 9
5 5 5 17 8
6 5 5 18 7

9 10 9 26 6
9 10 10 27 6
8 10 10 26 7
8 9 9 25 7
1025 1025 1025 1025 7
1025 1025 1025 1025 8
1025 1025 1025 1025 8
1025 1025 1025 1025 11
1025 1025 1025 1025 12
1025 1025 1025 1025 13
1025 1025 1025 1025 11
1025 1025 1025 1025 13
1025 1025 1025 1025 13
1025 1025 1025 1025 13
1025 1025 1025 1025 14
1025 1025 1025 1025 16
1025 1025 1025 1025 16
1025 1025 1025 1025 11
1025 1025 1025 1025 11
1025 1025 1025 1025 10
1025 1025 1025 1025 10
1025 1025 1025 1025 12
1025 1025 1025 1025 7
1025 1025 1025 1025 9
1025 1025 1025 1025 7

829 683 605 1025 5
948 792 686 1025 7
1025 903 765 1025 7
1025 1015 858 1025 9
1025 1025 1022 1025 11
1025 1025 1025 1025 12
1025 1025 1025 1025 15
1025 1025 1025 1025 18
1025 1025 1025 1025 22
1025 1025 1025 1025 27
1025 1025 1025 1025 34
1025 1025 1025 1025 45
1025 1025 1025 1025 52
1025 1025 1025 1025 73
1025 1025 1025 1025 84
1025 1025 1025 1025 98
1025 1025 1025 1025 192
1025 1025 1025 1025 195
1025 1025 1025 1025 234
1025 1025 1025 1025 229
1025 1025 1025 1025 199
1025 1025 1025 1025 168
1025 1025 1025 1025 117
1025 1025 1025 1025 87
1025 1025 1025 1025 57
1025 1025 1025 1025 41
1025 1025 1025 1025 35
1025 1025 1025 1025 23
1025 1025 1025 1025 14
1025 1025 1011 1025 9
1025 1025 817 1025 6

1025 1025 1025 1025 21
1025 1025 1025 1025 50
1025 1025 1025 1025 43
1025 1025 1025 1025 47
82 221 102 131 34
70 84 73 208 14
59 69 66 196 7

754 697 599 1025 7

1022 960 826 1025 7
1025 1025 946 1025 12
1025 1025 1025 1025 16
1025 1025 1025 1025 19
1025 1025 1025 1025 28
1025 1025 1025 1025 47
1025 1025 1025 1025 29
1025 1025 1025 1025 11
1025 1025 1025 1025 6

1025 954 852 1025 8
1025 1025 1025 1025 11
1025 1025 1025 1025 18
1025 1025 1025 1025 39
1025 1025 1025 1025 54
1025 1025 1025 1025 122
1025 1025 1025 1025 255
1025 1025 1025 1025 255
1025 1025 1025 1025 255
1025 1025 1025 1025 249
1025 1025 1025 1025 162
1025 1025 1025 1025 99
1025 1025 1025 1025 66
1025 1025 1025 1025 34
1025 1025 1025 1025 23
1025 1025 1025 1025 11
1025 960 926 1025 8
764 648 626 1025 4

957 823 733 1025 8
1025 1025 1025 1025 12
1025 1025 1025 1025 26
1025 1025 1025 1025 35
1025 1025 1025 1025 56
1025 1025 1025 1025 73
1025 1025 1025 1025 92
1025 1025 1025 1025 103
1025 1025 1025 1025 101
1025 1025 1025 1025 82
1025 1025 1025 1025 67
1025 1025 1025 1025 52
1025 1025 1025 1025 38
1025 1025 1025 1025 26
1025 1025 1025 1025 19
1025 1025 1025 1025 14
1025 1025 921 1025 10
925 800 714 1025 7
695 613 557 1025 5

1025 1025 994 1025 9
1025 1025 1025 1025 17
1025 1025 1025 1025 26
1025 1025 1025 1025 53
1025 1025 1025 1025 55
1025 1025 1025 1025 102
1025 1025 1025 1025 159
1025 1025 1025 1025 164
1025 1025 1025 1025 134
1025 1025 1025 1025 96
1025 1025 1025 1025 77
1025 1025 1025 1025 50
1025 1025 1025 1025 33
1025 1025 1025 1025 15
1025 1025 1025 1025 15
1025 1025 891 1025 6

855 668 639 1025 4
1024 797 778 1025 7
1025 982 938 1025 8
1025 1025 1025 1025 8
1025 1025 1025 1025 12
1025 1025 1025 1025 11
1025 1025 1025 1025 11
1025 1025 1025 1025 12
1025 1025 1025 1025 13
1025 1025 1025 1025 19
1025 1025 1025 1025 19
1025 1025 1025 1025 12
1025 1025 1025 1025 16
1025 1025 1025 1025 9
1025 967 894 1025 8

56 59 121 371 14
176 247 986 1025 35
1025 1025 1025 1025 76
1025 1025 1025 1025 248
1025 1025 1025 1025 191
1025 1025 1025 1025 255
1025 1025 1025 1025 255
1025 1025 1025 1025 178
1025 1025 1025 1025 255
1025 1025 1025 1025 255
1025 1025 1025 1025 255
1025 1025 1025 1025 255
1025 1025 1025 1025 236
1025 1025 1025 1025 194
1025 1025 1025 1025 136
1025 1025 1025 1025 103
1025 1025 1025 1025 64
1025 1025 1025 1025 46
1025 1025 1025 1025 32
1025 1025 1025 1025 18
1025 1025 1025 1025 15
1025 942 881 1025 8
934 808 725 1025 7

68 78 76 224 6
69 78 77 226 7
70 80 78 229 8
71 81 79 232 9
73 82 80 235 11
74 83 81 240 12
76 85 83 244 14
77 87 85 250 15
80 89 87 255 18
82 92 90 261 21
84 94 92 272 24
88 98 96 279 33
89 99 96 288 43
93 103 99 290 49
58 61 58 158 60
56 59 56 162 68
59 62 60 171 77
60 63 60 172 84
62 66 63 179 90
60 64 61 173 91
60 64 61 173 91
57 61 58 166 83
55 59 56 164 77
54 58 55 158 66
52 55 53 149 54
49 52 50 146 49
45 47 45 134 39
43 44 43 128 33
43 44 43 127 26
71 79 77 254 21
78 87 85 249 17
76 85 83 239 14
72 81 80 233 12
71 80 78 227 9
68 77 75 222 9
66 75 73 216 7

63 71 69 205 6
63 71 69 205 6
63 71 69 206 6
63 72 70 207 7
63 72 70 208 7
64 72 70 209 9
65 73 71 210 9
65 73 72 212 10
67 75 73 215 13
67 75 74 217 15
43 49 46 132 19
28 29 28 82 27
29 30 29 86 32
33 34 33 96 42
35 36 35 101 56
39 41 39 113 81
40 43 42 117 106
40 43 41 120 156
42 45 42 131 212
44 47 44 130 228
43 46 43 132 234
43 46 43 128 228
39 42 39 116 195
40 42 40 116 159
37 40 37 107 113
35 37 35 104 88
34 36 34 99 61
32 34 32 91 42
30 31 30 88 33
27 27 27 80 25
26 26 25 76 24
32 36 34 98 15
59 69 66 208 15
64 72 70 207 10
63 71 69 203 7
61 70 68 202 6
60 70 68 199 5

60 70 68 199 8
35 41 38 112 13
22 22 22 66 17
24 24 24 70 23
26 27 26 83 30
30 31 31 90 49
32 34 33 102 75
37 39 38 110 106
36 39 38 110 174
38 40 40 114 229
41 44 42 123 255
41 44 43 127 255
41 45 43 127 255
41 44 42 115 255
37 41 39 115 234
38 41 40 110 184
34 37 36 103 141
34 37 36 103 93
33 35 34 92 70
30 32 31 90 46
29 30 29 80 32
25 25 25 74 25
24 24 23 69 18
22 23 22 67 15
56 65 62 182 11
61 70 68 202 9

60 69 67 197 5

60 69 67 200 8
42 50 47 136 8
22 22 22 69 16
26 26 26 76 23
31 32 31 91 38
36 37 36 111 56
42 43 42 125 94
47 48 48 157 166
59 61 60 176 238
65 67 66 200 255
71 76 74 216 255
68 73 73 211 255
69 74 73 213 255
71 76 75 218 255
69 73 72 202 255
63 68 65 187 255
58 62 59 151 225
47 50 48 138 156
42 45 43 124 91
39 41 40 113 65
36 37 36 104 43
33 34 33 90 34
30 31 30 89 23
53 61 58 219 15
67 76 74 218 13
65 74 72 212 9
64 72 70 209 7

2 2 2 6 5

2 2 2 6 6

1 1 1 2 7
0 1 1 2 9
0 1 1 2 16
0 1 1 3 23
0 1 1 2 55
0 0 1 2 82
0 0 1 2 72
0 0 1 2 70
0 1 1 2 44
0 1 1 2 14
0 1 1 2 8

2 2 2 6 4

2 3 3 8 5

4 4 5 13 4

5 5 5 16 6
5 6 6 16 8
5 6 6 18 9
6 7 7 19 11
6 8 8 21 14
7 9 9 23 17
8 10 9 25 24
8 11 10 27 30
9 11 11 28 44
9 12 11 30 66
9 12 12 31 92
10 13 13 33 159
10 13 13 34 239
10 13 11 33 255
11 13 11 33 255
18 23 20 57 255
11 13 12 33 255
11 13 12 33 255
11 14 12 34 255
11 14 13 36 229
11 13 13 37 118
11 14 13 35 84
11 14 13 34 51
10 13 12 32 33
10 12 11 30 28
9 12 11 27 18
8 10 10 25 15
7 9 9 23 12
7 8 8 21 9
6 7 7 18 8
5 6 7 16 6

4 5 5 14 5

5 6 5 15 6
5 5 4 15 5
4 5 4 14 7
4 5 4 13 7
4 4 4 12 7
4 4 4 12 9
4 4 3 11 10
3 4 3 11 11
3 3 3 10 13
3 3 3 11 14
3 3 3 10 16
3 3 3 10 18
3 3 3 9 19
2 3 3 9 22
2 2 3 8 24
2 2 3 8 26
2 2 3 8 30
2 2 2 7 32
1 2 3 7 34
1 2 3 6 36
1 2 3 6 40
1 1 3 5 44
1 1 3 5 48
1 1 3 5 51
1 1 3 5 56
1 1 3 5 58
1 1 3 5 59
1 1 3 5 59
1 1 3 5 62
1 1 3 5 60
1 1 3 5 57
1 1 3 5 54
1 1 3 5 50
1 1 3 5 46
1 1 3 6 39
1 2 3 6 37
2 2 3 8 32
2 2 3 9 29
3 3 3 10 24
3 3 3 11 19
4 4 4 12 17
4 4 4 13 14
5 5 4 14 12
5 5 5 16 9
5 6 5 18 9
6 6 6 19 8

4 5 3 11 6
4 5 4 10 8
3 4 3 11 8
3 4 3 9 10
3 3 3 9 12
2 3 3 8 15
2 3 2 7 16
2 3 2 7 17
2 2 2 6 21
1 2 2 6 23
1 2 2 5 26
1 2 2 5 30
1 2 2 5 33
1 2 2 5 36
1 1 2 5 39
1 1 3 5 46
1 1 3 5 50
1 1 3 5 56
1 1 3 5 58
1 1 3 5 61
1 1 3 5 62
1 1 3 5 64
1 1 3 5 62
1 1 3 5 64
1 1 3 6 60
1 2 3 6 58
1 2 3 6 57
1 2 3 6 53
1 2 3 6 49
1 2 3 7 44
2 2 3 7 40
2 2 3 8 35
2 3 3 9 31
3 3 3 10 27
3 3 3 10 24
3 4 3 10 20
4 4 4 11 18
4 4 4 12 16
4 5 4 13 13
5 5 4 14 10
5 6 5 15 11
5 6 5 17 9
6 7 6 18 8
6 7 6 20 8

9 10 8 25 6

1 4 11 15 255
1 4 10 15 255
1 4 10 15 255
1 4 10 14 255
1 4 10 14 255
1 4 10 14 254
1 4 10 15 247
1 4 10 15 244
1 4 10 15 240
1 4 10 15 242
2 4 10 15 247
1 4 10 15 255
1 4 10 15 255
1 4 10 15 255
1 4 10 14 255
1 3 9 13 255
1 3 8 11 255
1 2 7 10 255
1 2 6 10 255
1 2 5 9 255
2 2 4 8 255
4 4 5 20 255
41 46 45 133 255
43 48 47 140 4

38 42 40 120 7
7 8 8 23 10
4 5 6 15 15
3 4 5 12 19
3 4 4 10 26
2 3 4 10 39
2 2 4 9 60
1 2 5 9 84
1 3 6 10 137
1 3 8 11 191
1 3 10 14 255
1 4 11 15 255
1 4 11 16 255
1 3 11 15 255
1 3 10 14 255
0 3 9 12 255
1 3 8 11 255
0 3 8 10 255
1 3 8 11 255
0 3 8 11 255
1 3 8 11 255
0 3 8 11 255
1 3 9 11 255
1 3 9 12 255
1 3 10 12 255
1 3 10 13 255
1 3 10 13 255
1 3 10 13 255
1 3 10 14 255
1 3 10 14 255
1 3 10 14 255
1 3 10 14 255
1 3 10 13 255
1 3 9 13 255
1 3 9 13 255
1 3 9 12 255
1 3 8 11 255
1 2 7 11 255
1 2 6 9 255
1 2 6 10 255
1 2 6 9 255
1 2 5 9 255
1 2 5 9 255
1 1 4 7 255
1 1 2 4 255
1 1 1 2 255
1 1 1 2 255
1 1 1 2 255
1 1 1 2 255
1 1 1 3 255
2 2 2 12 255
41 45 44 131 255

18 20 19 44 5
6 7 7 19 6
5 5 6 15 8
4 4 5 13 12
3 4 4 11 17
3 3 4 10 26
2 2 4 9 35
1 2 4 8 55
1 2 4 8 69
1 2 6 9 101
1 3 7 11 132
1 3 9 12 194
1 3 10 14 255
1 4 11 16 255
1 3 11 15 255
0 3 10 14 255
0 2 7 9 255
0 2 5 6 255
0 1 3 4 255
0 1 1 2 255
0 0 1 1 255
0 0 0 1 255
0 0 0 0 255
0 0 0 0 255
0 0 0 0 255
0 0 0 1 255
0 0 0 1 255
0 0 0 1 255
0 0 1 1 255
0 0 1 1 255
0 0 1 2 255
0 1 1 2 255
0 1 2 3 255
0 1 3 4 255
0 1 4 7 255
0 2 5 9 255
0 2 7 11 255
1 3 8 12 255
0 3 9 12 255
1 3 10 13 255
1 3 9 12 255
1 3 8 11 255
1 3 8 11 255
1 3 9 11 255
1 3 9 12 255
1 3 9 12 255
1 3 9 11 255
1 3 8 10 255
1 3 8 11 255
1 3 8 12 255
1 3 9 13 255
1 3 9 13 255
2 4 9 14 255
5 7 9 21 255
17 18 17 135 115
44 48 47 141 1

19 22 21 96 6
11 12 12 38 8
4 5 5 15 13
4 4 5 12 14
3 3 4 11 21
2 3 4 9 34
2 2 4 8 42
1 2 4 8 59
1 2 5 8 75
1 2 6 9 107
1 2 6 9 129
1 3 7 11 167
1 3 8 11 189
1 3 8 11 220
1 3 8 12 241
1 3 9 12 248
1 3 9 13 255
1 3 9 13 255
1 3 9 13 255
1 3 9 13 255
1 3 9 13 255
1 3 9 13 255
1 3 9 13 255
1 3 9 13 244
1 3 9 13 236
1 3 9 12 212
1 3 8 12 186
1 3 8 11 171
1 3 7 11 149
1 3 7 10 136
1 3 7 10 120
1 2 6 10 106
1 2 6 10 99
1 3 6 10 89
1 3 6 10 84
1 2 5 9 80
2 2 5 10 77
2 3 5 10 71
2 3 5 10 69
3 3 5 11 62
3 4 6 14 56
4 5 6 16 48
6 7 7 20 33
8 9 9 25 23
41 45 44 133 9

10 12 11 34 6
7 7 8 23 7
6 6 7 19 9
5 5 6 16 13
4 4 5 12 21
3 3 4 10 27
2 3 4 9 39
2 3 4 9 49
1 2 5 9 70
1 3 6 10 87
1 3 7 12 119
1 3 8 12 153
1 3 9 13 175
1 3 10 14 198
1 3 10 14 208
1 3 10 15 210
1 3 10 14 202
1 3 10 14 187
1 3 9 13 170
1 3 9 13 161
1 3 8 12 144
1 3 8 12 137
1 3 8 11 126
1 3 8 11 120
1 3 7 11 116
1 3 7 11 111
1 3 7 10 109
1 3 7 10 106
1 3 7 10 106
1 3 7 10 107
1 3 7 10 109
1 3 7 10 116
1 3 7 12 120
1 3 7 11 130
1 3 8 11 147
1 3 8 12 160
1 3 9 13 190
1 3 9 13 212
1 3 9 14 251
1 3 9 14 255
1 3 9 13 255
1 3 9 14 255
1 3 10 15 255
2 4 11 16 255
2 4 10 17 242
2 4 10 16 218
2 4 9 15 203
2 4 8 15 166
3 4 8 15 118
5 6 8 20 91
41 54 49 188 47
60 74 68 197 24
62 76 70 203 7

59 73 68 191 7
59 72 67 188 9
58 70 66 185 14
57 69 65 182 16
22 28 26 71 23
4 5 6 13 31
3 3 5 11 42
2 3 5 11 60
2 3 5 11 74
2 3 6 11 101
2 3 7 11 117
2 3 7 12 147
2 3 8 13 165
2 3 8 13 188
2 4 9 14 207
2 3 9 14 217
2 4 9 14 222
2 4 9 14 224
2 4 9 14 222
2 4 9 14 221
2 4 9 14 218
2 4 9 14 215
2 4 9 14 212
2 4 9 14 207
2 4 9 14 204
2 4 9 14 198
2 4 9 14 195
2 4 8 14 191
2 4 8 14 190
2 4 8 14 187
2 4 8 14 185
2 4 8 14 185
2 4 8 14 183
2 4 9 14 182
2 4 9 14 181
2 4 9 14 179
2 4 9 15 178
2 4 9 15 175
2 4 9 15 174
2 4 9 16 172
3 4 9 16 171
2 4 9 15 174
2 4 9 15 189
2 4 9 15 201
2 3 8 14 220
2 3 8 14 226
2 3 8 14 235
2 3 8 14 241
3 4 8 16 231
5 6 9 24 158
68 81 68 197 89
70 85 70 205 15

68 80 68 191 7
66 77 66 185 9
11 13 12 21 13
4 4 5 14 17
3 3 4 11 26
2 3 4 10 35
2 3 5 9 54
2 3 5 10 71
1 3 7 11 100
1 3 8 12 142
1 4 10 14 175
1 4 12 16 233
1 4 12 18 255
1 4 13 18 255
1 4 13 19 255
1 4 13 19 255
1 4 13 19 255
1 4 13 19 255
1 4 13 18 255
1 4 13 18 255
1 4 12 18 255
1 4 12 17 255
1 4 12 17 250
1 4 11 16 243
1 4 11 16 241
1 4 11 15 236
1 4 10 15 232
1 4 10 14 227
1 3 10 14 227
1 3 10 14 225
1 3 10 14 226
1 3 10 14 227
1 3 10 14 229
1 3 10 14 229
1 3 10 13 228
1 3 10 13 227
1 3 9 13 218
1 3 9 13 212
1 3 9 13 208
1 3 9 12 201
1 3 8 12 198
1 3 8 12 200
1 3 9 13 211
1 3 9 13 225
1 3 8 12 244
1 3 8 12 250
1 3 8 13 255
2 3 8 13 255
3 4 8 14 229
5 6 8 19 140
10 11 12 34 28

9 11 10 28 10
6 6 6 19 10
4 5 5 14 13
4 4 4 11 17
3 3 4 11 29
2 3 4 9 43
2 3 5 9 56
1 3 6 10 82
1 3 7 10 107
1 3 9 12 149
1 4 10 15 183
1 4 11 16 238
1 4 12 17 255
1 4 12 17 255
1 4 12 17 255
1 4 12 17 255
1 4 12 17 255
1 4 11 16 255
1 4 11 16 255
1 4 11 15 247
1 4 11 15 240
1 4 10 14 224
1 3 10 14 215
1 3 10 14 202
1 3 9 13 194
1 3 9 13 185
1 3 9 13 180
1 3 9 12 174
1 3 9 12 172
1 3 8 12 174
1 3 9 12 176
1 3 9 12 177
1 3 9 12 186
1 3 9 13 189
1 3 9 13 198
1 3 9 13 204
1 3 9 13 207
1 3 9 14 212
1 3 9 14 213
1 3 9 14 218
3 6 11 56 222
3 5 10 18 226
1 3 9 13 248
1 3 9 14 255
1 3 9 14 255
1 3 9 12 255
1 3 8 12 255
1 3 8 12 255
1 3 8 12 255
3 3 7 16 234
7 7 10 23 98
76 89 79 242 6

37 31 31 114 8
36 30 31 109 9
33 27 29 105 10
30 25 27 100 18
29 24 26 97 23
5 6 7 18 35
3 4 6 10 47
2 4 6 11 77
2 3 7 12 130
1 3 9 13 185
1 4 11 16 255
1 3 10 14 255
1 2 5 8 255
1 1 3 3 255
1 1 2 3 255
1 1 2 3 255
0 1 2 3 255
0 1 1 3 255
0 1 2 3 255
0 1 2 3 255
1 1 2 3 255
1 1 2 4 255
1 1 3 4 255
1 1 3 5 255
1 1 3 5 255
1 1 3 6 255
1 1 4 6 255
1 2 4 7 255
1 2 5 8 255
1 2 5 9 255
1 2 6 9 255
1 2 6 9 255
1 2 6 9 255
1 2 6 9 255
1 2 5 8 255
1 2 5 8 255
1 1 4 6 255
1 1 4 6 255
0 1 3 4 255
0 1 2 4 255
0 1 1 2 255
0 1 1 2 255
0 0 1 2 255
0 0 1 2 255
0 0 1 2 255
0 0 1 2 255
0 0 1 2 255
0 1 2 3 255
0 1 2 3 255
0 1 2 3 255
0 1 1 2 255
1 1 1 3 255
1 1 2 5 255
1 2 5 9 255
1 3 9 13 255
1 3 9 13 255
1 3 10 14 255
1 4 10 16 255
2 4 10 16 255
3 5 10 17 217
4 6 10 19 142
9 10 12 34 39
28 26 25 110 10

36 31 33 144 6

34 30 31 137 7
34 29 31 135 7
33 29 30 133 7
33 28 30 131 9
32 28 29 129 8
32 27 29 128 10
31 27 29 127 10
31 27 29 125 11
29 25 27 118 12
5 6 6 18 11
5 6 6 13 13
4 5 5 13 16
4 5 5 12 18
4 5 5 12 19
4 5 5 12 21
4 5 5 12 22
4 5 5 11 24
3 5 5 11 29
4 5 5 13 29
5 7 7 71 29
31 26 30 127 29
32 27 30 128 27
32 27 30 129 26
33 28 31 131 24
34 28 31 132 24
34 29 32 133 21
35 29 32 135 20
35 29 32 136 19
35 29 32 138 19
35 29 33 139 20
35 29 32 139 18
35 29 32 140 19
35 28 32 139 19
24 20 23 97 21
15 14 16 51 22
12 11 12 43 23
15 14 15 85 27
33 26 31 133 29
34 27 31 136 32
33 26 31 135 33
32 26 30 131 37
6 7 8 13 39
3 4 5 11 43
2 4 5 11 46
2 4 5 10 50
2 4 6 11 52
2 4 6 11 54
2 4 6 10 57
2 4 6 10 59
2 4 6 10 63
2 3 5 10 62
2 3 5 11 61
2 3 5 11 59
12 11 14 51 57
34 26 32 135 53
34 27 32 137 50
35 28 33 139 45
36 29 33 140 39
36 29 34 141 37
36 29 34 141 34
36 29 33 140 35
35 28 33 138 34
35 27 32 137 34
33 26 31 133 36
34 27 32 137 37
35 27 32 139 41
35 26 32 139 47
34 26 31 137 50
2 3 5 10 56
2 3 5 10 58
2 4 6 10 64
2 4 6 10 65
2 4 7 11 67
3 5 7 13 68
3 5 7 14 63
4 6 8 16 52
5 7 8 18 43
7 8 9 22 20
9 10 11 28 8

57 44 49 171 9
56 42 47 168 11
55 42 46 163 16
52 39 43 160 21
50 37 41 154 29
48 36 41 150 34
46 34 39 144 44
3 4 6 10 53
2 4 6 10 76
3 4 7 13 100
4 6 9 16 96
6 8 10 22 61
8 9 11 27 33
17 16 18 58 7

56 43 46 171 8
56 43 47 172 12
46 36 41 56 16
52 41 45 163 54
23 20 25 99 66
52 40 44 162 59
54 42 46 167 38
55 43 46 169 28
56 42 47 171 18
56 43 47 172 14
57 43 48 172 10
57 43 48 172 10
57 43 48 172 9
57 43 47 171 8
56 42 47 170 10
56 41 46 168 14
55 42 46 166 16
54 41 45 164 22
53 40 43 160 31
52 39 42 157 35
50 37 41 151 45
48 36 40 51 54
2 3 6 11 63
2 3 6 10 80
2 3 6 11 94
2 4 7 11 117
2 4 8 13 129
3 5 9 14 142
3 5 9 16 147
3 5 9 16 160
3 5 9 15 169
3 5 9 14 168
3 5 8 13 158
2 4 7 13 152
2 3 7 11 152
2 3 6 11 139
3 3 6 12 105
18 14 17 156 82
51 39 44 162 50
53 40 45 169 28
54 41 46 170 20
54 42 46 172 16
54 42 46 172 13
55 43 47 173 13
55 42 48 173 14
56 43 49 172 17
56 43 49 172 21
56 43 50 170 27
55 42 49 167 36
53 42 48 163 41
51 39 46 156 54
23 18 22 15 62
2 3 6 11 75
2 3 6 10 90
2 3 6 11 104
1 3 7 11 128
2 4 8 11 148
2 4 8 13 170
2 5 9 14 183
3 5 9 15 186
4 5 9 17 179
4 6 8 17 146
4 6 8 16 136
4 5 8 15 148
4 5 7 15 150
4 4 7 14 131
52 40 47 158 103
54 42 48 166 63
56 43 50 169 42
57 44 50 172 24
58 44 50 172 18
58 44 50 172 13
58 44 49 172 13
58 44 49 171 13
58 45 49 171 14
58 45 49 170 16
58 45 49 169 21
57 45 49 167 26
55 43 47 161 34
53 42 45 29 41
2 3 5 9 62
2 4 6 11 92
4 6 9 16 97
9 10 12 30 12

52 42 41 168 6

51 41 40 166 8
50 40 40 165 10
50 40 40 164 11
50 40 40 163 14
50 39 40 162 18
49 39 39 160 23
48 38 38 153 32
4 5 7 19 48
2 3 5 11 95
2 3 6 10 118
43 32 34 136 98
37 30 32 19 64
3 3 5 12 47
23 18 19 14 31
49 38 39 161 21
53 42 41 166 10
54 41 42 169 8
54 42 42 170 6
55 43 43 171 4
55 43 43 171 6

56 43 43 171 7
56 43 43 171 7
55 42 43 170 8
54 42 42 167 13
53 41 41 165 15
52 40 41 160 21
49 38 39 156 26
26 21 22 86 33
3 4 5 12 36
3 4 5 11 43
3 4 5 10 47
3 4 5 10 51
3 4 5 11 52
2 4 5 11 51
3 3 5 11 42
3 4 5 13 37
50 39 40 154 31
52 40 41 162 25
55 42 43 165 17
56 43 43 169 12
57 44 44 170 9
58 44 45 172 6
58 45 46 172 7
59 45 47 173 9
59 46 47 174 6
60 47 48 175 7
60 47 48 175 11
60 47 49 174 13
59 47 48 172 18
58 46 48 170 24
56 43 45 164 33
54 41 44 158 39
4 4 6 15 53
2 3 5 11 62
2 3 5 10 74
2 3 5 9 87
2 3 6 9 98
2 3 6 10 102
2 3 6 11 99
2 3 6 11 85
4 4 7 140 74
54 42 43 161 50
56 43 45 169 29
58 45 46 171 18
59 46 47 173 9
59 46 47 173 7
59 46 47 173 6
59 45 46 173 7
59 45 46 173 9
58 45 46 172 10
58 45 46 172 12
57 45 46 170 19
57 44 46 166 26
54 42 44 162 35
52 42 43 70 49
2 3 5 11 57
2 3 5 10 73
2 3 6 10 89
2 3 7 10 111
2 3 7 11 126
2 3 7 11 140
2 3 7 11 135
2 3 7 10 129
2 3 6 11 108
2 3 6 11 88
52 41 42 158 59
55 43 44 166 39
58 44 45 171 18
58 45 46 173 9
58 45 46 173 6
58 45 46 174 4
59 45 46 174 6

59 46 47 176 7
59 47 48 177 7
60 48 50 179 13
59 49 50 179 17
58 48 51 178 29
56 47 50 171 44
4 4 7 17 59
2 3 6 10 89
1 3 7 10 127
2 4 9 14 227
3 6 10 19 255
7 8 8 22 62

52 42 41 177 6
51 42 41 177 8
50 41 41 177 8
50 42 40 177 7
49 41 41 175 11
48 41 40 174 14
47 39 39 171 20
45 38 38 168 30
43 37 37 165 42
41 35 36 161 66
31 27 27 120 88
4 6 9 19 121
4 6 9 18 141
3 6 10 18 160
3 6 10 18 170
3 6 9 17 169
4 6 9 17 168
4 6 9 17 164
4 6 9 17 148
4 6 8 17 132
4 6 8 17 107
33 30 29 149 89
38 34 33 153 75
40 36 34 157 53
41 37 35 159 40
41 37 35 161 26
41 37 35 161 20
41 37 35 161 16
41 37 35 162 14
41 37 35 164 14
41 37 35 167 14
42 37 36 169 14
42 38 36 172 16
42 37 37 173 18
42 37 37 173 25
41 36 37 171 38
40 35 36 168 53
39 34 36 164 110
12 12 15 23 181
3 6 10 19 255
3 6 11 19 255
3 5 11 18 255
3 5 10 17 255
3 5 10 17 255
3 5 10 17 255
2 5 10 16 255
2 5 9 16 255
3 4 9 15 246
3 5 9 17 222
40 34 36 165 174
43 38 39 171 122
45 39 39 175 60
45 40 39 175 37
46 40 39 174 19
46 39 38 174 14
46 40 38 173 10
46 40 38 174 8
46 40 39 174 7
47 40 39 175 10
47 40 39 176 10
47 40 39 174 14
46 39 39 174 17
46 38 39 173 26
44 37 38 168 45
42 36 38 164 81
4 5 9 19 208
3 5 10 18 255
2 5 10 16 255
2 4 8 13 255
3 4 5 11 255
4 4 5 12 255
5 6 6 16 135
14 14 15 166 60
46 40 40 175 32
49 41 41 180 11
50 42 41 183 6

55 44 44 176 6
54 43 43 175 6
53 43 43 173 8
52 43 42 171 10
52 41 42 170 14
51 42 41 168 18
51 41 41 167 25
51 41 41 166 31
50 41 42 165 41
50 40 42 164 46
45 36 38 147 48
42 34 36 139 45
49 39 41 158 36
51 41 43 167 30
53 42 44 170 24
54 43 45 172 18
55 44 46 174 15
56 45 46 176 11
57 46 47 177 9
57 46 47 178 7
57 46 47 179 6
57 46 46 179 6

56 46 47 182 6
56 46 47 182 7
56 46 48 182 10
55 46 48 181 11
55 46 48 179 16
55 46 48 178 20
54 45 48 175 28
43 37 38 112 36
20 18 20 69 44
15 14 15 51 49
20 18 19 68 48
47 40 42 147 42
55 45 48 171 36
56 47 49 175 28
57 47 49 175 23
58 48 49 177 18
58 48 50 178 15
59 49 50 179 14
59 50 51 180 13
60 50 51 181 12
60 51 52 182 14
60 51 52 182 15
60 52 53 182 18
59 51 53 181 25
59 51 53 180 31
41 36 37 122 48
7 8 10 23 64
5 6 9 21 93
4 6 9 20 110
4 6 9 20 108
5 6 9 20 85
5 7 9 22 64
40 35 35 120 39
58 50 51 176 28
59 51 52 179 19
60 51 52 182 12
60 52 53 183 10
61 52 53 185 7
61 52 53 185 7
61 52 53 186 6
61 52 53 187 6
61 52 53 187 6
61 52 53 187 7
61 52 53 187 8
60 52 53 186 10
60 51 52 184 13
58 49 51 179 23
9 10 11 32 35
5 7 8 21 72
4 6 9 19 122
3 6 10 19 240
3 6 11 19 255
3 5 11 19 255
3 5 10 18 196
4 6 9 18 116
6 7 8 22 50
37 32 33 177 31
60 51 52 182 14
61 52 53 185 8

36 36 35 161 6
35 35 34 156 9
34 34 33 153 13
32 32 32 147 23
7 8 9 26 31
6 6 8 20 40
5 6 8 20 46
6 6 8 20 49
6 6 8 20 43
6 6 8 20 35
7 7 8 24 27
28 28 28 128 19
31 32 31 143 13
32 33 32 147 12
33 34 32 148 8
34 34 33 151 6
34 35 34 152 6

35 35 34 155 4

35 35 34 154 6
34 34 34 153 7
34 34 33 151 8
33 33 32 149 14
32 32 32 147 14
31 31 31 145 21
8 8 10 26 27
6 7 8 23 31
6 7 8 22 36
6 7 8 22 36
6 7 8 21 37
6 7 8 21 33
6 7 8 21 27
7 8 9 74 20
35 34 32 156 16
36 35 33 159 12
37 36 33 161 10
37 36 34 162 7
37 37 34 163 7
38 37 34 164 6
38 37 34 165 7
38 37 35 166 7
39 37 35 168 7
39 37 35 170 9
38 37 35 170 11
38 36 35 169 16
37 35 35 168 19
7 8 8 25 30
6 7 8 21 34
6 6 8 20 46
6 6 8 20 49
5 6 8 20 50
5 6 8 20 46
6 6 8 20 36
6 6 7 22 27
28 27 26 125 22
38 36 34 167 16
39 36 35 170 14
40 37 36 173 9
41 38 36 174 8
41 38 36 174 7
41 38 36 174 6

41 39 36 174 7
41 38 36 174 6
40 38 37 175 7
41 38 37 176 8
41 38 37 178 10
40 37 37 179 14
40 37 37 177 19
37 34 34 166 25
6 6 7 19 40
5 6 8 19 52
5 6 8 19 65
5 6 8 20 69
5 6 8 19 63
5 6 8 19 47
5 6 7 19 37
6 6 7 24 25
38 35 35 169 19
40 37 36 176 14
41 38 37 180 10
41 39 38 182 7